72,90,105,128,72,66,74
76,90,109,121,72,64,69
76,84,104,109,73,69,71
85,81,100,103,70,66,71
80,82,98,96,69,65,72
80,82,133,105,65,62,64
85,84,98,112,68,61,64
76,84,96,105,72,67,69
84,89,110,97,69,65,75
84,90,107,89,73,66,73
83,91,110,89,70,61,75
86,90,111,78,70,60,73
83,89,120,81,72,67,72
83,88,111,83,64,63,76
83,89,109,84,74,66,72
91,90,111,124,71,68,79
83,92,115,109,69,66,75
86,96,116,99,67,67,74
84,91,111,88,69,67,76
85,86,104,93,70,67,72
84,86,106,125,71,63,69
79,90,109,114,72,61,71
75,88,107,105,72,68,72
81,88,107,123,74,67,72
78,78,97,113,70,67,68
78,77,100,105,70,64,74
78,81,96,178,73,62,64
75,83,96,152,71,65,70
74,84,99,136,69,63,69
80,89,116,123,71,68,67
84,84,108,113,69,66,62
86,84,101,113,67,62,63
84,83,116,101,71,67,68
78,92,108,97,70,68,76
84,92,114,91,73,69,73
87,88,104,85,74,66,80
92,94,115,81,69,70,75
84,94,116,80,72,90,74
108,97,121,77,71,70,74
85,96,115,76,75,70,112
89,92,119,84,70,68,77
80,90,112,81,70,68,75
83,97,114,86,68,87,77
85,97,119,76,68,75,77
82,86,112,81,72,66,70
81,86,101,99,71,69,69
81,88,98,130,73,62,63
76,87,102,117,69,63,67
75,83,101,109,69,65,71
73,82,94,98,71,64,72
72,82,98,190,69,66,72
77,84,92,164,69,75,69
79,83,92,139,73,62,67
76,83,108,124,70,68,75
80,90,107,112,76,70,75
81,89,114,103,71,69,78
87,95,111,94,68,66,73
83,91,112,93,72,66,74
88,96,117,83,72,62,74
80,89,108,84,72,66,72
84,92,110,81,72,66,74
87,90,111,81,75,64,70
87,92,110,95,70,64,72
81,97,113,85,72,64,72
79,93,118,79,70,68,74
83,88,104,89,66,67,70
79,85,104,131,69,63,72
87,89,102,115,73,63,68
75,86,99,111,71,65,66
81,90,101,101,73,70,72
80,84,105,187,69,64,68
81,106,129,97,73,67,81
94,102,124,88,68,59,78
86,96,114,89,69,67,72
82,90,109,86,69,63,69
79,88,110,87,70,64,73
81,85,93,91,67,66,70
80,88,103,87,68,68,70
84,94,111,83,69,63,70
82,112,114,83,71,70,73
80,92,112,79,72,65,78
82,91,116,80,74,67,76
91,92,108,78,69,66,70
188,89,104,97,73,64,68
82,86,106,89,68,63,70
76,80,90,90,68,66,70
82,84,94,99,67,67,70
79,86,98,91,70,67,64
66,85,102,89,67,66,94
74,88,102,85,70,67,66
74,80,96,166,69,63,69
75,79,86,146,69,66,71
78,82,94,130,72,62,79
77,87,100,113,65,61,62
69,83,105,104,63,68,73
78,91,105,91,65,63,70
75,81,103,95,67,59,64
76,83,110,90,66,64,63
64,82,102,89,66,67,62
72,83,101,86,65,65,64
71,73,87,98,71,64,72
80,84,96,96,67,63,66
75,81,94,92,69,62,62
72,86,99,86,72,64,66
80,88,103,84,72,60,70
76,77,101,164,69,65,70
79,94,104,118,73,72,73
82,90,110,108,72,65,65
84,84,115,101,63,66,71
79,91,115,93,182,68,71
85,92,118,88,67,63,76
80,92,114,85,72,63,75
88,89,118,81,68,68,74
80,96,115,84,72,70,73
83,85,120,77,72,70,75
90,91,110,84,75,72,77
84,87,107,75,70,68,71
87,94,111,81,74,68,82
111,132,160,107,75,75,77
104,117,137,101,75,66,70
94,99,121,99,69,69,73
91,90,115,96,68,69,73
86,91,113,137,71,64,68
85,97,116,118,69,70,67
83,90,111,108,72,64,76
88,96,116,97,72,67,76
86,87,114,94,75,64,72
95,96,113,89,69,66,75
83,92,112,87,72,182,71
84,94,118,85,70,67,72
83,94,113,144,72,67,75
87,113,117,127,73,67,75
86,86,113,113,73,67,69
88,93,111,107,68,67,74
87,94,120,97,71,62,71
93,89,115,96,67,71,74
81,92,114,77,74,73,79
85,89,110,87,72,68,75
85,91,110,129,73,67,70
77,86,105,120,72,69,64
71,88,106,112,73,63,68
76,74,102,101,73,68,72
76,78,89,112,71,62,66
77,78,88,110,67,61,63
79,83,96,94,67,66,62
78,88,106,92,70,64,62
73,88,99,94,74,72,67
73,74,96,85,72,64,72
79,88,99,86,68,69,69
80,90,101,83,66,65,73
81,90,105,80,70,68,77
84,94,105,83,67,66,74
80,88,110,84,72,67,68
88,93,110,83,73,69,78
82,92,115,103,67,63,72
77,96,118,102,73,63,67
84,94,107,90,67,65,70
83,88,102,147,67,68,70
79,87,98,135,69,63,66
74,85,108,118,71,68,72
80,93,111,108,73,67,75
79,90,110,103,73,65,74
86,92,107,97,177,68,68
85,90,116,90,67,67,73
76,101,118,83,72,66,74
81,91,113,81,66,65,73
85,94,107,81,72,67,76
85,88,131,81,74,67,69
89,94,110,84,69,66,72
81,96,117,83,72,64,73
84,95,121,73,69,66,74
83,91,116,80,66,68,74
85,113,113,83,71,68,75
87,93,110,75,72,69,69
86,95,115,85,70,69,69
87,94,118,83,66,69,72
83,96,123,80,70,66,74
89,92,114,81,69,71,72
85,86,106,83,73,70,70
85,93,112,82,69,67,74
88,96,117,77,72,67,75
85,94,120,78,77,68,72
83,93,110,79,67,66,72
85,93,110,84,71,69,73
90,91,112,86,72,70,70
84,95,125,87,68,68,73
81,98,120,83,68,62,72
80,90,112,85,68,69,74
83,85,106,101,71,66,70
82,84,101,96,69,63,72
83,87,105,91,72,63,69
76,92,101,88,68,68,76
79,88,107,85,72,65,70
79,78,93,102,71,70,69
86,105,104,99,68,66,74
80,94,111,88,69,65,69
109,91,114,83,70,70,75
87,93,111,79,67,66,98
84,85,111,83,64,61,69
84,85,108,74,68,64,69
81,88,112,77,69,62,72
80,90,162,98,66,64,69
77,85,108,92,69,65,72
78,81,105,87,69,64,67
79,78,104,89,68,61,67
80,82,99,82,72,65,65
79,85,103,121,67,63,64
79,74,98,122,70,67,67
76,82,96,112,74,66,65
75,83,100,106,70,63,69
81,82,97,99,68,66,64
76,85,105,179,68,65,68
80,85,102,156,66,63,67
77,76,101,136,69,64,67
80,82,96,123,64,64,67
77,104,95,117,69,63,65
73,85,96,104,74,67,67
74,84,95,96,67,62,66
70,89,112,93,66,67,69
75,81,100,91,106,66,67
81,86,98,88,68,73,61
78,86,100,86,74,64,67
80,89,104,93,72,68,68
75,84,98,93,68,65,69
76,83,118,99,69,65,129
84,88,108,91,68,68,74
78,93,111,92,70,76,70
84,94,112,83,69,66,70
80,86,104,89,161,65,72
84,81,96,96,72,66,71
80,86,217,92,72,66,67
79,88,107,87,72,59,70
76,83,106,91,72,61,68
74,84,102,87,72,67,72
78,75,94,101,71,63,74
70,77,91,95,72,64,65
79,83,98,88,70,66,68
73,85,101,85,69,60,66
73,79,105,89,70,65,73
84,88,99,84,70,68,72
81,90,107,103,81,62,66
90,89,130,92,68,63,72
80,91,117,89,69,72,74
87,91,104,89,72,67,74
83,86,97,89,74,64,68
83,83,105,93,74,64,63
75,83,99,91,70,62,145
74,88,102,87,70,70,71
77,85,100,99,72,66,68
80,175,97,112,72,56,73
77,98,109,103,71,63,70
75,88,114,93,72,68,72
84,92,111,90,74,70,73
87,90,111,89,72,59,77
91,89,113,84,68,69,74
76,91,116,81,70,63,68
87,94,117,79,77,69,75
85,88,99,89,70,67,72
81,84,98,110,69,63,69
81,87,102,155,73,58,67
74,85,99,137,73,67,65
75,87,100,125,71,70,72
77,89,107,111,72,67,73
84,91,149,107,71,61,66
78,89,103,121,72,65,69
75,88,106,109,71,67,68
77,83,106,149,69,65,68
78,80,100,133,72,66,72
79,90,99,116,69,66,72
77,84,94,113,71,60,66
69,83,98,106,67,65,64
77,88,101,99,65,63,68
74,76,89,198,69,63,69
77,79,97,170,66,67,69
82,84,98,150,73,65,65
80,91,105,131,75,68,69
76,86,104,117,68,68,74
82,91,103,105,69,68,75
84,84,102,93,70,66,72
82,95,110,92,68,65,72
81,89,107,85,76,66,74
81,82,106,87,68,66,72
75,83,99,96,74,67,68
82,83,96,90,66,63,65
69,81,101,89,70,66,67
75,84,103,125,71,60,72
74,80,102,113,70,67,74
79,82,96,106,69,66,73
80,91,115,98,68,61,77
80,94,113,88,67,67,73
69,81,108,87,69,64,72
86,84,101,114,71,62,68
78,86,96,108,74,61,72
78,86,100,97,67,63,66
72,89,99,176,69,66,72
77,79,103,155,65,67,70
75,84,97,136,70,66,75
78,83,94,187,70,68,70
77,83,90,163,71,61,64
76,83,97,140,68,65,63
71,82,133,121,67,61,66
71,74,99,112,67,64,64
71,78,90,105,65,63,64
73,78,86,96,65,58,67
76,80,97,88,63,64,60
67,77,91,87,67,64,65
72,83,94,79,70,65,65
69,74,93,113,71,65,68
79,90,108,99,68,65,72
73,90,111,88,69,67,72
80,90,119,84,68,69,74
85,88,116,83,69,68,78
88,88,111,83,68,69,72
90,92,112,76,96,66,69
85,92,115,83,70,65,68
87,94,115,77,66,70,74
86,96,114,77,72,71,72
87,87,106,86,66,66,70
77,83,103,89,70,58,70
77,85,104,93,68,65,67
77,86,99,89,70,62,67
71,79,102,87,72,64,72
87,88,104,83,73,70,72
84,84,111,84,67,64,70
81,94,116,73,70,69,69
85,92,110,86,68,70,70
84,91,110,165,70,68,73
80,90,108,82,68,70,73
83,93,135,83,69,63,69
79,90,123,84,68,64,70
81,79,112,86,65,69,70
81,81,105,94,69,62,68
81,81,107,89,70,62,72
89,81,104,87,66,60,65
68,84,106,85,66,62,68
72,85,107,82,66,63,70
75,81,100,98,72,58,71
75,80,96,94,71,67,68
76,90,108,85,70,65,77
111,91,112,83,68,64,73
82,96,108,87,73,66,72
83,92,115,81,72,67,80
86,90,175,95,72,66,66
79,91,104,96,67,63,72
77,88,104,91,70,125,69
72,80,106,89,72,68,70
78,81,96,99,79,64,72
85,82,98,90,71,63,61
81,85,96,88,67,62,63
67,80,100,82,69,70,68
76,80,104,85,69,66,70
79,109,92,87,72,64,74
90,108,124,85,71,72,80
92,102,124,75,71,64,78
87,99,120,81,71,67,78
85,94,110,85,76,68,74
88,92,112,81,70,65,73
88,94,111,85,71,65,72
76,90,110,87,74,64,72
86,95,112,81,72,64,73
84,98,111,79,74,62,75
84,90,116,81,73,65,72
86,90,110,81,74,67,72
83,91,110,86,74,64,72
82,96,111,80,74,67,70
81,90,114,73,70,67,73
85,92,110,81,74,67,76
84,89,144,81,75,66,72
89,87,112,85,68,66,70
81,88,105,91,66,64,75
79,88,109,81,67,64,68
78,84,102,96,68,66,67
77,82,97,92,70,62,74
80,83,98,87,69,67,69
73,86,104,83,72,62,69
78,123,105,83,72,64,67
75,80,100,163,70,68,67
70,76,91,145,69,63,67
76,80,84,128,73,70,73
77,81,102,114,72,68,67
77,88,98,110,68,64,71
76,86,98,98,71,69,68
78,84,94,96,72,65,70
79,89,104,91,70,67,74
86,96,115,85,68,63,70
84,81,116,77,67,72,69
85,93,114,75,74,69,74
88,90,116,83,69,66,73
100,105,124,79,72,69,74
95,102,121,85,69,64,76
85,96,120,76,72,65,73
82,94,113,77,68,68,73
85,90,110,125,72,72,72
83,89,105,165,69,66,63
82,88,101,144,69,63,67
75,86,109,129,67,66,65
80,93,110,116,69,64,70
75,81,89,156,67,64,72
76,82,93,138,67,64,70
80,86,98,162,73,63,67
83,84,104,143,71,64,66
75,85,98,127,71,65,70
78,88,114,113,72,70,68
85,91,109,101,73,70,74
79,91,116,93,68,63,73
86,94,115,81,66,66,68
80,80,110,87,59,69,68
78,80,98,105,64,62,66
77,83,100,189,68,62,66
78,83,98,160,68,67,61
69,82,98,251,69,62,71
72,83,98,126,68,72,75
83,87,108,115,73,66,69
84,90,108,107,159,68,72
83,96,117,97,72,65,71
87,96,117,87,71,68,66
81,88,108,87,71,72,72
86,92,110,88,70,66,73
85,93,106,84,71,64,70
83,93,111,80,72,67,70
82,90,114,80,72,64,68
78,77,105,107,72,66,69
76,82,96,102,69,67,68
78,82,98,100,69,60,64
68,94,118,88,68,65,69
79,96,117,85,67,69,72
83,94,112,87,64,70,75
85,92,108,83,72,67,79
85,96,117,81,68,63,73
84,102,129,85,67,69,62
85,97,117,83,69,65,61
83,88,104,95,69,67,67
83,89,106,92,70,64,70
80,90,109,80,73,65,74
78,90,114,109,73,68,69
80,92,108,93,73,69,75
86,89,114,92,73,67,75
89,88,107,89,184,67,69
93,92,121,158,73,71,119
87,94,116,139,73,67,77
88,90,108,120,75,65,77
84,94,111,112,69,70,75
84,89,113,103,79,68,75
91,88,112,96,72,67,75
79,91,110,91,70,72,74
88,93,118,85,72,65,73
85,90,122,84,69,67,73
79,91,115,85,70,67,72
86,99,110,111,72,66,72
89,95,116,82,70,68,74
87,94,118,74,71,65,75
82,89,118,81,72,68,72
85,92,106,83,74,70,73
85,86,108,88,68,67,72
80,86,105,151,71,64,64
78,94,112,136,69,61,66
81,94,113,121,68,70,67
81,86,110,137,69,69,66
84,85,99,122,68,68,62
80,92,109,113,73,64,69
86,92,115,97,69,66,74
83,93,109,93,64,72,77
85,91,108,97,67,67,74
82,112,130,107,73,61,71
83,104,119,101,76,62,69
79,97,115,93,72,74,74
78,96,114,89,69,68,72
85,90,111,84,70,72,73
84,94,111,132,70,67,74
80,92,115,81,70,65,70
83,91,120,80,72,69,72
82,90,113,81,73,64,77
87,89,105,80,69,63,73
87,90,107,107,71,61,68
80,92,108,99,70,67,70
78,88,107,95,72,64,70
79,79,108,92,68,64,69
73,79,93,93,65,69,66
77,78,87,91,70,60,66
81,86,96,84,67,65,64
74,88,103,87,63,66,66
73,81,106,83,70,64,74
82,84,100,90,75,65,68
82,83,99,89,67,63,67
78,83,104,166,73,69,66
77,87,98,147,71,70,67
73,107,131,130,69,70,76
86,94,126,113,69,64,76
83,90,106,112,73,68,67
80,88,105,105,67,63,79
85,91,104,133,63,61,68
74,85,103,117,69,65,69
79,93,109,104,69,70,76
82,86,103,100,73,68,69
84,89,107,96,75,68,70
85,96,107,87,72,64,74
85,99,120,84,76,66,72
79,93,112,85,72,68,74
86,94,113,81,67,68,73
85,91,107,85,70,66,70
75,88,122,104,71,64,63
73,84,113,93,68,67,69
75,76,107,96,72,69,81
81,86,106,91,70,66,68
77,91,114,92,66,66,71
84,88,115,83,61,65,67
76,79,101,89,66,68,67
81,84,104,117,65,62,67
63,79,101,192,68,65,63
74,86,102,163,65,66,63
67,80,100,142,64,59,63
74,84,100,124,65,68,70
80,80,98,106,73,68,69
83,86,102,101,71,65,70
80,90,105,97,70,64,72
93,96,115,87,65,70,74
83,88,113,85,69,67,72
85,81,106,92,69,72,71
82,86,106,92,75,66,67
79,91,107,88,70,70,105
80,86,101,84,70,62,71
73,80,112,163,71,67,72
84,84,96,142,72,60,70
77,86,104,127,69,62,73
83,96,111,109,74,69,73
80,91,120,97,69,67,72
83,95,114,94,72,70,73
84,92,111,91,75,70,73
88,91,112,87,63,63,72
79,91,105,182,71,66,72
79,89,104,153,70,65,70
77,80,90,136,75,64,66
84,86,99,121,69,69,72
80,90,109,105,71,69,72
79,93,115,94,68,67,72
82,86,100,97,71,69,69
82,83,101,128,75,60,70
80,86,104,115,69,62,66
71,89,102,105,75,69,68
74,87,100,95,75,70,71
79,84,112,93,69,64,74
81,86,102,89,72,65,74
80,94,114,88,73,63,72
87,95,113,87,68,69,72
77,88,115,77,74,67,72
82,88,107,118,73,65,68
79,84,110,108,68,66,66
81,92,107,98,69,61,68
75,82,104,93,68,72,74
79,112,105,91,70,65,74
81,86,100,88,71,68,65
80,89,110,88,71,71,74
81,94,118,83,105,67,69
80,88,114,85,71,67,73
87,88,111,86,73,71,72
86,86,112,85,72,61,76
84,90,112,84,76,68,66
84,90,115,85,70,64,73
88,95,120,77,71,70,74
83,96,119,81,70,66,75
88,94,115,133,71,74,86
88,93,111,121,75,68,74
91,94,118,105,75,71,75
85,99,117,100,75,67,78
79,96,120,89,72,72,75
83,94,112,90,73,69,74
85,88,105,89,68,71,98
85,88,110,115,73,70,70
80,93,110,159,69,67,68
78,86,102,137,73,68,72
79,84,110,123,72,65,62
82,81,100,117,73,69,67
81,87,111,155,72,28,75
85,94,114,137,71,70,73
85,95,123,120,71,69,76
88,101,121,115,74,72,77
90,96,116,107,69,67,77
86,92,110,93,72,67,75
91,85,114,92,71,69,70
83,81,110,89,71,69,72
83,93,116,83,69,70,76
81,90,113,84,76,69,77
83,89,113,81,69,67,72
86,83,118,80,69,67,72
88,85,111,81,67,67,77
88,91,112,83,65,73,76
85,92,109,89,69,69,72
84,90,109,145,72,69,67
79,92,111,129,71,61,70
76,88,106,117,69,67,69
73,79,92,114,67,63,70
79,85,98,103,71,75,62
76,86,100,97,72,67,67
71,84,98,95,72,63,60
73,80,96,88,70,65,63
74,79,89,90,69,65,67
80,83,96,120,73,67,66
76,88,100,111,69,64,68
79,91,111,99,67,68,73
83,94,112,92,69,67,72
82,87,106,96,72,68,70
88,90,99,96,72,62,66
83,85,100,95,69,65,65
77,98,114,89,68,66,72
80,89,125,85,68,63,75
84,94,103,83,65,68,75
76,92,116,85,70,63,70
89,98,116,80,66,68,73
83,92,114,81,65,72,75
82,89,106,87,66,62,69
80,86,104,93,69,66,70
75,82,100,109,68,56,62
72,203,99,93,66,66,69
76,77,106,90,60,66,67
76,83,101,91,66,64,68
80,109,104,88,64,64,69
77,86,94,84,67,62,65
75,89,99,84,66,56,65
73,84,100,84,70,67,67
76,77,86,105,69,64,65
75,79,90,95,66,61,68
80,82,97,85,70,66,66
80,86,101,110,69,64,66
75,88,101,101,72,65,71
82,90,114,89,70,68,76
83,90,106,144,47,68,71
81,96,113,84,67,66,76
78,96,114,80,72,184,73
76,91,108,83,72,66,70
83,96,112,79,75,70,78
85,92,110,84,74,64,71
96,110,129,85,66,72,78
94,104,130,149,72,64,75
93,104,131,126,68,67,76
91,97,114,113,71,69,79
85,99,116,105,71,72,77
88,89,111,97,71,69,72
91,95,112,95,68,70,74
86,96,128,125,69,66,73
81,96,126,115,69,65,76
79,94,123,105,71,72,78
85,99,118,96,69,68,77
86,92,112,91,78,71,77
90,103,121,85,70,67,78
89,96,122,83,74,66,73
89,93,126,80,70,70,74
80,92,114,85,72,94,77
87,90,120,83,73,66,76
90,206,112,82,70,60,80
112,135,155,83,68,64,77
108,120,140,86,70,68,74
103,103,132,117,71,65,75
95,96,115,109,75,70,77
89,95,116,182,71,65,71
90,95,111,157,75,63,65
81,88,108,190,73,66,67
79,88,104,165,73,64,65
69,83,107,144,73,65,73
85,86,99,128,74,67,72
78,84,103,133,73,63,70
81,92,114,113,71,69,72
79,87,114,107,71,65,72
84,91,107,103,74,66,73
79,85,114,99,69,63,74
86,92,107,88,72,67,73
90,96,114,88,67,63,76
86,102,125,77,72,66,70
83,98,121,87,69,69,73
88,98,118,80,67,74,76
93,97,115,81,72,72,71
90,94,112,85,63,70,72
85,95,115,90,68,63,70
85,94,114,81,111,71,71
78,89,109,81,73,67,72
83,91,117,80,69,64,75
87,89,107,84,72,66,71
80,95,111,81,70,70,78
83,97,117,72,68,69,74
85,87,111,84,70,68,70
79,85,110,115,71,63,72
79,85,98,111,69,62,65
79,85,93,104,71,67,64
71,85,90,104,68,64,65
77,90,104,89,68,68,72
78,78,92,96,68,66,72
75,81,92,92,70,61,64
80,86,108,89,73,66,70
78,85,112,85,70,70,73
83,83,110,86,70,70,74
86,86,113,81,69,70,73
85,88,108,81,95,67,70
84,116,113,83,67,64,69
83,94,115,104,73,67,69
82,84,112,98,69,67,74
200,92,116,89,69,69,76
86,90,112,87,74,67,74
84,93,116,96,74,70,83
97,119,148,109,73,66,79
97,114,134,97,70,66,74
93,99,118,131,73,72,71
89,92,108,120,67,59,74
88,94,109,112,71,66,72
89,94,114,99,67,62,77
79,90,108,93,74,67,72
83,92,113,87,68,61,74
79,90,109,77,70,65,73
80,87,110,85,68,131,66
79,90,112,78,62,63,62
76,88,115,80,66,63,66
79,80,99,81,67,62,64
80,86,103,123,68,58,72
81,82,102,113,70,68,68
77,88,104,105,67,67,64
76,86,104,97,69,66,67
77,80,101,112,69,66,72
81,86,100,103,67,64,64
74,88,104,97,62,65,67
76,89,110,77,65,64,66
75,88,106,95,67,68,65
78,89,127,91,66,65,72
81,88,118,87,68,64,69
74,89,116,89,70,58,70
73,85,109,83,72,63,70
72,75,104,85,72,65,74
78,82,98,86,66,68,68
80,85,109,111,69,64,67
82,90,115,101,69,67,70
79,90,105,96,72,66,75
80,90,109,93,70,69,74
85,90,139,88,79,67,76
86,93,115,87,68,65,68
87,99,123,113,66,74,66
89,92,119,98,70,68,72
83,83,105,97,69,70,72
81,87,105,96,67,64,68
76,86,111,95,70,66,63
76,86,96,89,72,66,64
77,86,100,85,73,68,63
75,79,121,88,72,68,69
81,86,96,84,69,65,67
82,90,111,81,66,69,72
87,98,119,75,70,68,72
83,83,104,96,73,61,70
79,85,107,93,70,62,70
78,88,106,85,71,62,66
71,80,106,85,66,70,72
76,88,104,83,69,70,76
87,89,111,93,71,64,73
86,90,106,93,92,69,72
86,92,117,85,65,69,73
87,96,120,75,72,69,73
82,91,111,81,67,70,73
87,96,113,77,68,70,74
87,90,107,81,67,69,70
83,92,109,83,72,68,74
82,95,114,82,71,70,68
79,96,117,78,70,66,72
84,96,117,75,72,70,72
83,88,110,81,82,67,69
90,94,110,79,68,66,72
84,95,112,85,70,62,76
80,88,107,83,74,62,70
77,74,97,97,69,67,70
80,74,98,87,69,65,72
78,92,104,89,72,64,67
78,91,108,84,70,67,76
80,88,107,81,74,71,75
89,89,109,92,68,64,68
78,83,104,158,73,65,65
73,90,95,144,67,62,72
74,84,99,124,66,66,183
77,76,87,157,72,69,74
83,190,96,144,65,69,70
77,85,96,130,69,62,63
76,88,98,116,67,65,67
78,89,105,107,71,63,69
77,79,98,104,69,65,69
77,83,96,97,70,69,66
76,93,105,89,67,64,72
85,93,109,84,70,70,122
85,90,115,82,70,68,76
86,91,116,84,68,67,75
78,88,108,79,72,64,69
89,92,116,80,69,66,73
81,94,113,81,70,65,68
84,94,115,82,72,68,73
86,98,113,77,68,65,79
83,88,143,91,71,71,82
106,111,133,105,71,68,75
97,104,122,104,73,69,71
90,94,114,97,66,66,76
81,79,110,120,69,61,70
81,80,98,111,73,65,70
83,80,104,105,72,61,70
81,84,97,149,72,66,70
69,84,98,136,69,70,72
79,91,100,119,67,69,72
80,81,104,105,68,64,69
77,80,90,104,73,66,68
76,82,96,102,65,63,57
80,80,97,98,67,62,62
70,80,95,121,67,64,68
79,81,110,110,75,72,73
82,88,100,101,71,67,72
83,88,110,131,69,68,74
83,94,114,84,69,144,75
90,98,120,82,70,64,75
80,106,136,96,137,71,88
100,94,124,98,72,64,81
95,92,114,91,68,66,76
94,89,105,92,64,65,73
84,91,108,85,67,62,76
80,80,103,87,69,64,75
81,83,110,85,72,66,72
97,90,113,92,68,67,100
83,94,114,83,74,63,73
77,87,109,80,73,67,75
84,90,114,77,65,64,72
81,87,108,83,65,184,70
88,97,115,85,68,64,66
81,84,105,91,68,63,60
78,86,105,81,66,60,67
73,80,92,105,63,61,64
80,80,100,100,65,68,66
76,77,99,92,70,61,60
73,88,101,113,73,66,70
77,82,100,100,73,64,72
80,86,108,95,70,67,72
84,91,104,93,76,74,75
85,94,108,87,67,67,171
89,91,113,84,68,68,74
80,90,109,86,67,68,73
84,89,107,82,69,69,74
82,88,109,77,70,66,72
89,94,111,79,67,74,73
85,96,108,77,69,66,72
84,88,110,81,71,68,71
81,86,102,108,73,63,70
80,82,96,99,70,69,75
77,88,96,92,69,62,67
75,87,103,93,66,66,67
71,87,108,85,72,66,68
73,84,100,91,73,68,70
78,82,94,121,68,64,69
74,85,102,106,71,68,72
82,97,114,97,66,66,73
80,86,98,95,68,66,68
79,86,96,152,69,64,68
80,86,104,134,72,68,68
71,85,103,118,71,66,69
72,87,104,109,69,65,67
81,87,109,137,71,68,72
76,78,97,128,71,65,68
80,82,98,114,72,62,77
79,81,99,196,71,62,64
71,83,93,164,71,59,72
73,81,102,143,69,65,67
73,78,93,128,71,65,66
73,82,90,174,69,64,72
77,84,98,140,72,60,72
90,80,101,135,65,61,69
77,79,93,115,65,65,69
78,85,110,99,67,67,79
87,86,110,96,74,65,72
86,97,111,87,72,62,75
88,94,120,83,68,67,75
78,92,114,79,72,64,77
85,94,118,77,67,68,79
82,90,114,85,72,69,74
89,90,115,81,67,70,75
85,96,119,79,75,70,74
81,93,111,85,70,65,70
81,83,98,113,75,63,72
80,82,100,132,70,63,68
80,135,101,155,69,66,60
74,87,104,139,70,61,69
73,82,98,122,66,66,67
77,81,105,112,73,61,73
76,76,96,105,71,70,70
80,86,105,99,67,63,70
80,88,105,90,70,69,72
78,90,111,85,75,67,73
83,89,103,91,73,68,68
83,87,102,89,74,59,67
81,88,104,84,67,62,65
72,86,108,79,72,72,72
82,85,110,87,70,67,70
82,88,106,80,70,68,72
84,91,109,85,63,68,72
85,96,112,77,70,67,72
84,92,111,79,70,69,75
88,94,118,78,68,70,72
86,93,113,81,69,70,75
91,95,113,83,70,68,72
86,96,118,73,70,64,74
88,93,116,77,72,70,74
82,94,115,189,64,68,75
86,92,118,76,73,64,77
89,94,112,75,70,66,75
86,96,116,81,73,65,72
93,102,122,75,71,64,74
82,93,122,68,72,69,77
93,97,114,80,72,70,73
87,91,112,97,72,63,70
84,88,104,158,66,64,66
76,86,106,141,69,64,68
74,92,103,127,69,66,69
79,75,101,115,73,63,70
76,80,91,111,65,65,71
76,82,92,100,72,64,63
74,79,89,111,67,62,65
68,78,96,103,63,65,72
80,86,102,95,70,72,78
83,86,103,91,72,86,74
76,93,122,87,70,69,73
83,95,124,80,73,67,72
80,88,119,81,70,63,75
70,93,114,81,74,72,75
86,181,117,82,73,63,80
88,94,108,84,70,68,71
78,86,105,83,69,63,69
78,80,109,81,69,62,66
75,81,103,95,68,64,70
76,81,107,109,67,67,66
78,85,108,125,69,66,69
80,88,114,111,65,62,72
75,88,106,101,69,65,68
79,91,108,96,64,66,70
77,86,112,89,64,64,65
85,84,113,97,64,67,69
81,91,110,89,67,66,70
77,87,124,83,65,71,73
85,88,110,88,75,68,70
79,85,110,96,70,63,70
83,86,106,167,73,64,66
75,86,106,149,73,68,68
74,83,102,136,73,63,69
75,79,111,119,69,66,70
77,84,100,115,73,67,72
80,82,104,101,71,66,72
81,86,102,100,72,64,67
70,86,107,95,66,62,72
69,85,108,87,69,62,75
72,80,110,87,70,66,72
73,82,92,90,68,66,72
81,83,96,86,68,62,65
80,82,162,193,68,63,60
70,80,95,162,71,67,63
71,85,101,145,74,66,69
73,76,93,129,76,66,68
75,79,99,117,67,65,69
177,89,102,109,70,62,67
75,85,104,99,68,67,73
78,88,101,89,72,67,75
83,86,110,102,71,64,74
86,90,106,95,72,66,78
82,93,114,88,67,65,96
88,98,120,81,69,68,66
80,88,113,82,91,73,73
85,96,114,83,71,70,74
89,92,107,81,70,68,72
85,94,105,83,70,68,72
83,98,115,81,73,60,74
80,83,110,84,70,65,67
84,80,106,109,73,63,70
77,84,97,106,0,65,72
96,95,106,99,59,62,64
79,90,108,94,72,63,67
79,91,104,90,70,60,67
77,77,93,88,67,62,67
81,84,98,95,68,63,70
76,84,102,91,71,59,65
72,88,103,90,72,62,65
77,88,107,83,68,67,69
74,80,90,85,76,65,64
73,79,89,114,72,67,68
81,91,106,103,71,66,68
79,92,107,95,69,66,73
78,89,107,89,73,70,71
86,96,115,85,72,68,77
83,88,109,89,74,67,68
82,95,112,83,71,63,77
83,92,115,78,70,65,73
81,84,120,79,70,67,74
84,94,115,78,68,69,76
84,91,108,81,74,65,75
87,92,112,81,74,66,86
87,96,118,80,68,65,74
91,98,126,74,70,63,76
85,97,115,77,69,70,78
86,93,116,79,68,64,79
88,92,114,83,78,68,72
87,95,115,81,74,69,71
88,96,111,82,72,67,69
82,91,111,81,68,67,71
86,93,109,79,76,65,77
85,84,0,91,70,65,70
85,90,96,83,67,63,67
77,90,105,83,70,66,68
76,80,106,149,64,65,66
77,79,100,129,72,68,70
80,81,99,117,73,65,68
81,90,106,106,70,66,68
77,88,111,99,63,70,74
83,91,114,85,75,70,72
88,91,114,87,70,67,77
88,92,109,85,69,70,74
82,92,113,140,71,64,71
82,96,126,80,73,70,82
88,91,124,77,70,69,77
84,91,118,81,72,68,75
87,93,115,81,72,65,76
86,97,120,79,67,65,74
82,98,121,77,70,71,75
80,86,112,93,72,72,70
79,86,101,105,71,71,69
80,82,97,96,67,63,69
76,84,90,96,68,66,66
74,85,100,96,65,69,70
78,90,106,86,64,65,66
73,82,98,191,72,71,69
77,85,95,164,71,67,186
77,79,95,141,71,66,65
73,85,98,128,72,68,64
75,82,94,123,69,66,68
80,82,107,106,69,66,71
83,85,107,93,67,66,63
73,88,109,89,62,66,89
80,86,114,81,68,65,67
73,86,108,95,66,66,70
82,94,109,85,70,69,72
81,88,108,85,73,70,71
88,96,110,84,72,67,73
81,94,114,76,73,70,72
79,92,117,80,74,67,71
84,93,109,82,74,69,74
85,92,158,85,72,67,82
117,113,141,98,72,65,74
93,106,133,99,74,61,72
95,97,121,89,64,67,63
88,87,114,89,68,66,67
80,84,104,88,64,65,68
80,88,107,87,67,62,65
82,84,102,93,69,67,61
79,88,114,164,73,60,67
75,88,111,147,73,69,66
80,79,100,134,109,68,72
79,86,99,119,73,70,72
82,90,108,113,73,66,67
76,81,104,101,71,65,64
71,83,94,100,71,65,73
76,82,96,96,68,66,68
78,80,91,89,70,70,72
79,87,110,80,69,70,75
70,89,112,79,71,68,71
77,115,113,80,78,64,74
82,102,126,107,75,72,79
83,97,116,112,65,69,76
83,96,107,103,68,66,70
74,90,105,95,66,67,67
79,89,110,93,70,65,67
80,86,109,89,68,67,65
77,85,113,87,72,68,71
77,89,111,83,66,63,73
80,94,113,81,74,66,72
81,90,115,83,72,66,76
86,134,165,84,71,72,90
89,116,146,93,71,66,76
107,213,133,121,72,65,74
94,97,119,111,69,66,72
86,92,112,103,75,66,71
82,83,101,117,73,69,72
89,88,114,105,72,69,72
83,93,114,99,75,67,72
87,100,121,87,72,69,68
83,91,110,84,70,70,71
85,87,113,87,63,69,74
85,92,106,104,72,61,67
78,86,110,93,69,65,71
79,91,108,86,72,67,67
78,83,101,127,69,65,68
79,83,97,115,71,67,70
81,87,102,110,69,64,66
82,92,105,99,65,63,65
78,88,103,97,64,66,69
79,86,100,95,64,66,69
74,76,89,90,71,62,70
75,75,90,130,69,68,67
90,90,104,113,71,65,69
82,91,108,105,69,71,70
82,91,106,95,67,70,73
86,87,108,96,64,68,78
83,91,106,89,72,65,70
81,96,105,105,72,67,73
78,91,109,98,66,64,68
77,82,110,91,68,67,68
80,86,102,137,71,60,72
83,88,101,124,72,67,69
80,82,97,112,69,66,62
71,88,103,105,70,66,68
68,82,96,96,71,67,73
85,88,107,91,70,64,73
83,90,109,88,67,68,72
84,91,110,80,65,66,71
98,87,117,75,69,66,72
87,90,110,91,72,68,72
84,84,114,87,70,72,77
88,94,112,82,73,69,71
84,94,112,85,66,67,95
84,97,115,79,69,69,72
86,92,115,80,68,68,73
89,94,114,83,69,70,75
87,90,114,80,72,68,74
91,96,116,80,67,70,74
167,93,114,85,72,69,68
82,94,118,83,68,68,73
71,86,103,87,72,64,67
83,77,100,92,68,63,67
77,81,102,117,71,65,66
74,85,102,105,69,67,68
89,108,124,101,71,66,66
89,97,116,101,73,64,73
82,91,109,97,68,58,64
74,89,109,89,67,62,68
79,90,114,82,65,63,69
71,86,116,82,70,182,71
78,91,112,75,66,64,69
74,83,108,83,65,59,65
81,92,107,85,64,67,82
114,135,163,119,71,68,74
105,118,143,111,69,63,70
93,107,123,99,68,68,68
88,99,115,90,68,67,72
87,98,121,83,64,66,71
81,97,120,79,68,71,71
78,92,113,80,66,64,69
77,86,112,81,60,65,68
72,88,111,77,66,68,72
77,87,112,76,67,62,65
74,90,115,79,67,65,68
106,93,120,76,65,64,69
77,90,114,73,65,68,72
79,87,112,79,67,62,67
77,92,109,80,65,60,61
73,96,111,77,64,64,69
76,93,113,81,69,61,72
75,92,116,79,64,73,74
82,91,110,84,73,71,76
87,92,110,80,72,65,72
89,149,112,80,72,63,77
85,96,112,80,72,66,72
92,97,116,80,72,72,72
86,89,108,81,72,65,68
84,89,108,129,69,65,71
78,86,194,123,69,61,63
74,85,102,113,71,60,72
81,90,103,101,71,63,68
81,90,105,99,67,68,70
78,83,96,92,74,64,74
76,84,99,96,72,63,72
79,81,100,88,70,62,62
73,83,94,89,70,60,71
72,82,102,85,68,67,71
120,77,92,112,68,67,66
88,97,122,104,66,67,71
83,100,125,95,71,67,75
88,94,122,89,67,67,74
93,94,110,85,68,68,74
86,119,116,85,72,66,72
87,91,110,85,72,70,69
85,93,112,89,72,65,72
84,96,120,174,65,72,72
88,91,121,88,72,67,74
79,94,113,86,76,69,72
87,88,117,85,69,64,76
84,88,107,85,67,67,69
91,94,115,97,68,70,71
83,91,115,85,69,64,68
86,88,108,95,67,67,72
84,84,100,96,118,65,69
86,86,103,137,71,64,68
83,90,112,119,68,66,67
79,88,110,106,72,67,80
86,91,106,99,71,65,77
86,89,104,94,76,66,69
81,90,111,88,70,69,73
83,93,113,83,68,64,73
77,113,144,90,72,75,80
95,101,128,137,74,67,77
88,99,123,165,69,77,66
87,91,111,144,72,61,66
79,93,110,129,69,68,68
79,91,111,117,73,66,72
78,96,102,107,69,64,66
80,80,96,104,65,60,58
67,79,100,100,65,63,67
70,78,96,89,63,63,70
75,90,118,91,65,62,72
72,90,110,91,74,69,73
80,88,108,87,73,63,76
84,88,111,84,69,66,74
82,98,120,84,72,71,76
87,96,121,80,67,67,75
77,94,114,79,70,67,76
87,115,113,85,72,68,73
85,87,108,83,69,67,70
84,93,114,86,72,67,73
86,96,116,84,72,68,70
80,96,120,166,69,66,78
85,90,110,79,73,65,78
87,88,117,78,73,67,75
93,90,115,77,71,69,76
80,93,113,84,71,68,71
83,96,117,80,71,66,72
85,88,118,81,69,69,76
108,93,111,101,70,71,74
86,90,112,93,69,70,75
95,96,112,84,68,63,69
83,91,108,83,72,65,72
82,92,109,140,75,66,73
82,85,100,127,73,72,74
81,89,104,115,73,162,71
79,83,101,109,69,64,64
80,78,101,105,72,65,66
72,82,95,94,68,63,68
67,81,103,93,72,69,70
81,82,96,88,75,66,72
78,82,90,91,66,68,97
104,121,125,86,70,73,77
96,106,119,97,68,70,73
88,102,117,95,70,73,77
91,100,123,90,64,66,68
83,90,112,97,89,66,68
83,84,113,96,64,64,64
75,84,115,89,64,64,66
75,83,114,85,62,70,66
145,80,109,87,66,67,64
77,82,102,95,67,64,68
86,98,126,99,66,60,64
71,95,115,89,68,62,66
74,84,109,89,69,65,68
77,80,96,90,68,64,60
75,82,94,90,70,64,57
84,87,99,83,72,64,58
70,88,97,187,71,63,66
76,91,111,155,72,68,69
78,80,92,138,71,66,62
78,88,98,122,69,25,74
84,91,113,111,71,63,74
88,93,116,101,72,72,73
82,94,114,89,72,72,78
89,92,119,85,72,70,75
87,91,109,89,71,68,68
78,90,107,87,68,65,71
80,90,110,84,65,64,71
76,81,97,99,65,67,74
83,86,98,93,70,64,73
78,84,102,91,71,139,67
66,87,94,105,68,61,69
74,85,103,93,69,64,75
83,86,110,91,71,68,72
87,85,115,94,72,67,72
84,95,114,89,70,64,72
82,96,108,81,73,67,72
79,79,94,117,71,64,71
83,85,100,109,69,67,72
82,88,102,105,69,61,67
79,86,102,97,64,64,68
68,86,106,91,70,66,69
74,89,99,88,68,65,70
73,75,98,237,72,67,68
82,85,102,157,75,170,69
78,80,98,136,73,65,64
74,85,102,124,67,68,70
152,77,100,112,65,61,66
74,77,101,104,65,165,65
68,75,94,97,64,61,73
77,81,102,91,63,68,64
76,77,100,89,66,60,70
69,86,111,83,71,73,76
79,86,105,83,72,68,75
83,82,104,83,70,65,73
83,92,108,87,69,69,74
88,87,113,83,66,67,70
78,96,116,71,70,64,70
84,96,114,78,74,68,74
88,90,110,85,72,64,89
79,102,117,108,72,61,75
76,96,112,102,65,64,69
77,95,114,97,68,66,69
74,81,110,93,68,65,70
70,84,100,99,72,68,72
75,86,96,94,120,61,66
77,86,102,91,72,66,68
73,80,98,90,74,64,64
72,84,94,86,69,67,72
70,150,89,92,69,66,66
73,77,88,96,72,60,67
80,84,93,82,67,62,61
76,85,102,97,70,65,70
79,88,101,96,72,64,74
79,86,105,89,73,64,73
89,88,108,87,68,66,73
77,90,116,84,72,64,72
88,93,114,80,68,67,74
84,90,111,85,68,71,74
84,117,116,79,71,64,74
86,96,105,84,74,68,72
84,93,116,83,68,65,74
84,100,120,80,72,69,72
84,89,118,79,70,63,75
78,94,114,165,78,70,76
83,91,114,144,72,72,74
87,94,115,127,73,67,73
83,93,114,115,71,66,75
82,91,117,101,72,68,72
77,90,117,96,66,64,75
86,90,103,93,72,70,76
83,88,97,121,72,65,79
77,85,102,111,76,68,68
78,86,104,105,69,64,68
79,90,105,96,71,67,72
76,77,93,94,184,67,68
76,85,106,87,71,61,70
70,77,100,85,62,58,67
68,79,100,78,64,64,68
74,90,100,85,66,70,72
79,85,106,80,66,67,70
83,86,100,81,70,67,73
85,93,107,85,67,67,72
87,94,112,77,77,68,70
78,91,108,77,72,72,73
90,94,111,77,71,68,74
88,84,114,93,70,66,68
88,84,108,85,72,64,66
101,81,103,103,71,66,70
70,82,96,92,65,65,184
78,76,97,85,65,66,63
78,83,94,96,63,57,65
80,83,91,89,68,62,62
70,82,89,88,68,64,62
73,76,93,82,67,63,67
69,70,79,93,66,69,70
80,80,88,90,72,60,69
80,79,91,90,68,63,59
70,83,96,121,71,69,67
76,86,96,110,73,67,73
79,86,16,104,74,63,71
78,97,115,93,59,64,74
77,96,112,96,71,67,72
84,94,113,85,72,60,74
77,92,114,85,74,67,72
84,92,115,82,68,63,76
84,96,108,81,72,70,74
85,99,115,80,70,92,74
86,94,119,0,69,68,96
83,81,117,157,70,68,76
90,97,115,137,69,68,75
111,89,104,125,69,65,70
90,96,112,109,0,72,145
104,120,149,105,71,72,72
98,106,134,100,69,66,68
88,96,120,97,68,68,72
84,92,107,133,70,66,70
85,198,113,117,71,72,73
86,93,114,109,69,69,70
80,90,116,99,74,67,72
87,89,110,93,72,69,70
84,83,102,137,65,62,60
83,84,106,123,72,70,68
76,85,99,111,73,66,68
95,107,127,102,69,67,64
90,97,123,93,72,63,67
89,94,106,113,69,68,70
77,88,113,106,71,66,72
86,96,116,95,72,69,72
84,90,105,89,72,67,78
84,90,110,89,72,66,72
85,88,107,91,72,67,73
86,93,107,89,67,65,78
89,97,117,79,68,67,73
77,88,109,87,69,69,71
80,83,98,111,71,65,66
85,86,104,107,73,70,72
84,86,102,97,72,67,69
81,86,110,91,69,70,72
80,91,111,81,69,67,72
83,88,108,84,69,68,70
85,89,109,88,68,70,72
81,94,114,89,71,67,72
87,94,113,82,81,70,73
77,96,112,81,67,71,77
85,90,117,75,70,65,74
90,94,114,83,70,66,74
89,100,117,81,73,64,78
89,98,119,74,69,67,76
82,94,118,80,67,72,73
81,94,111,84,72,66,73
86,92,136,77,70,67,73
86,89,106,84,72,70,73
85,93,114,81,73,69,70
85,95,108,83,76,70,73
74,92,110,83,67,72,75
85,96,115,80,70,70,78
85,93,109,77,70,67,68
85,92,113,83,73,65,73
84,95,113,81,72,69,70
83,90,106,83,70,67,70
79,81,94,116,73,59,70
79,81,97,134,64,63,53
79,81,99,118,69,68,65
71,81,97,109,71,77,68
74,80,104,101,69,70,68
80,83,98,94,71,67,70
75,75,106,93,67,67,69
188,85,104,161,69,66,70
82,81,101,144,69,65,69
85,96,111,127,67,69,71
78,86,103,117,65,66,65
76,81,96,107,65,65,63
74,83,99,99,59,59,63
76,82,98,95,66,66,67
77,74,111,89,64,66,72
74,88,106,81,66,66,73
84,88,104,84,68,66,69
84,87,104,87,64,68,73
81,92,118,73,68,65,68
85,94,120,81,73,67,70
85,85,104,98,67,63,72
81,87,104,115,71,75,72
81,86,99,105,70,63,65
72,82,99,101,68,64,68
74,86,104,93,73,66,69
76,78,104,104,72,65,67
79,79,95,98,64,61,74
84,82,103,193,69,64,61
73,83,98,163,69,64,57
72,86,104,144,72,71,70
79,76,89,123,62,61,65
75,79,96,108,63,56,70
76,86,99,101,61,59,67
76,78,90,90,63,62,60
73,77,90,83,62,61,67
84,72,90,80,67,59,60
77,67,61,80,63,67,71
78,82,96,82,70,66,71
82,88,106,76,70,74,73
105,91,109,80,66,68,75
83,89,108,79,64,72,77
89,93,116,81,68,71,69
87,88,105,80,70,70,67
82,98,112,79,68,63,72
85,96,114,73,68,68,74
80,90,109,76,72,68,74
85,97,108,79,67,68,79
86,90,107,88,72,120,73
85,86,100,88,73,65,70
75,88,106,96,69,63,67
74,84,103,95,72,63,66
74,80,101,131,69,66,70
85,93,110,93,70,71,72
80,90,116,89,70,64,72
75,89,119,85,72,69,72
81,124,155,89,70,72,88
100,112,135,89,69,61,81
90,104,123,88,67,68,73
87,100,121,88,64,67,70
84,99,112,83,70,68,72
83,92,113,85,72,66,70
82,86,100,160,73,66,73
76,85,112,144,71,68,64
81,84,96,124,71,64,60
69,80,100,117,71,65,68
78,84,99,110,71,66,72
87,88,105,99,66,62,72
79,81,98,92,66,62,72
81,88,110,89,67,63,70
79,91,113,82,70,65,69
80,88,111,124,70,70,97
83,88,109,113,71,68,74
84,90,109,100,73,70,76
86,96,114,91,72,63,73
80,92,107,91,67,60,67
75,91,118,86,69,69,123
83,90,112,79,70,65,76
86,88,106,89,70,69,74
84,88,113,104,73,65,67
77,91,109,101,69,63,68
77,84,107,90,72,68,72
79,79,98,89,68,64,66
75,78,88,91,81,60,70
77,82,96,90,68,61,65
76,83,94,88,68,62,64
71,83,100,80,69,67,68
67,78,96,84,68,62,148
77,78,96,99,71,68,71
79,90,106,91,69,62,75
77,90,110,86,69,67,70
79,85,105,85,72,68,73
123,92,108,90,71,68,72
83,88,100,83,68,63,72
87,90,110,85,75,67,72
85,93,112,79,67,63,73
80,89,114,78,72,64,74
89,94,112,77,71,67,74
78,87,113,81,72,69,75
87,89,112,81,70,67,75
80,94,120,83,70,64,74
83,96,116,83,66,70,72
80,102,127,103,75,70,78
83,98,115,129,69,66,78
105,91,110,117,73,69,74
82,87,103,113,71,68,66
73,90,102,103,70,66,68
75,94,108,92,70,67,72
82,82,93,88,72,62,78
76,82,100,91,73,68,71
79,88,104,93,68,61,66
80,86,100,89,70,62,68
76,86,104,83,71,68,69
77,74,104,97,72,65,68
78,78,91,121,65,66,66
77,83,105,107,71,64,193
85,91,115,99,70,67,71
84,93,116,91,70,74,75
83,91,128,86,69,72,81
91,96,122,83,71,69,79
89,96,115,83,0,69,73
83,96,120,101,63,70,74
92,93,118,93,62,70,64
84,88,107,91,68,72,66
80,85,100,127,69,69,68
82,86,110,115,71,68,70
82,88,115,101,74,73,74
81,93,110,106,68,70,75
82,91,114,99,73,67,74
90,94,113,93,73,65,68
81,93,115,85,66,63,72
80,89,106,154,69,64,63
72,79,117,128,67,64,68
71,77,104,121,65,62,66
80,83,105,107,65,64,70
80,79,105,93,68,60,74
77,83,100,97,66,62,64
70,80,96,85,60,68,71
77,78,100,82,63,66,64
76,79,96,96,66,62,69
77,80,96,92,74,64,62
70,83,90,106,69,61,64
77,85,99,96,70,67,75
83,89,111,93,72,69,72
86,92,109,86,74,66,70
83,92,112,84,74,68,177
85,91,115,83,71,68,70
83,84,113,77,68,67,77
89,91,109,81,73,72,75
84,202,106,80,69,66,72
84,94,106,79,74,68,73
85,100,117,86,70,68,70
84,96,119,76,72,66,70
83,95,116,80,71,68,74
88,175,117,79,72,69,78
91,94,113,77,74,67,77
87,95,119,77,72,68,72
86,96,111,75,72,67,70
81,92,114,80,70,68,72
83,93,111,85,72,68,77
86,91,135,87,74,66,69
84,92,106,143,74,72,72
79,91,111,122,72,65,70
83,97,111,111,64,69,70
82,90,106,106,73,68,73
81,90,111,97,75,69,75
82,92,102,90,72,70,76
90,90,112,89,72,70,75
88,99,137,84,72,66,73
87,94,120,81,72,72,75
85,89,114,81,72,68,77
84,88,112,96,74,68,73
84,86,108,84,72,69,74
87,96,115,87,72,67,74
86,97,110,77,68,67,74
88,94,111,75,75,66,80
87,94,111,83,73,69,74
87,89,113,80,69,64,77
89,91,114,85,69,67,68
93,104,129,97,69,67,72
90,98,117,89,72,64,72
81,88,102,103,72,70,66
77,88,100,95,70,72,66
77,92,107,87,72,69,69
80,90,111,81,69,68,71
85,92,108,86,74,67,72
85,90,115,81,72,64,79
92,88,108,83,73,146,68
80,89,107,85,70,66,68
80,88,102,85,64,62,64
75,81,86,86,66,62,65
81,128,97,89,68,69,66
81,90,106,89,73,68,70
88,98,116,80,74,70,74
84,90,113,80,72,70,86
84,89,118,83,73,68,74
86,91,110,85,88,69,70
84,96,113,84,67,66,71
86,97,114,81,70,69,124
79,87,110,81,70,64,72
83,82,99,82,65,63,66
72,75,93,76,66,64,70
79,87,96,86,66,66,69
80,90,104,80,68,66,72
186,87,111,80,73,65,72
84,88,103,89,70,67,72
81,85,104,83,68,61,68
83,88,114,86,71,64,68
73,86,109,85,66,67,70
77,88,104,81,67,64,68
74,74,89,88,67,68,73
78,87,102,112,71,64,69
80,87,110,107,71,65,98
80,92,107,99,70,66,72
79,89,108,93,75,69,72
85,93,108,88,74,69,74
83,88,106,84,72,67,73
80,93,112,81,72,67,73
85,93,110,80,70,69,73
89,95,120,80,72,62,78
93,93,111,83,76,71,74
88,90,109,88,70,67,80
103,125,129,85,70,66,64
94,110,121,92,66,67,73
89,100,112,93,71,70,73
82,90,97,99,69,58,77
78,88,94,96,63,70,68
80,89,96,164,71,66,72
91,109,129,145,73,64,75
86,100,116,133,69,65,67
78,93,109,116,69,66,67
76,82,97,103,66,62,64
78,86,104,93,63,65,68
74,84,104,89,64,64,69
76,85,108,112,65,67,67
78,89,106,93,65,63,65
75,84,104,91,63,61,72
78,83,100,84,67,66,66
77,82,106,149,65,68,63
75,87,107,137,62,64,64
78,111,141,119,69,63,68
88,94,122,104,62,60,61
79,92,110,105,67,63,73
84,86,102,96,62,59,66
74,80,110,88,62,65,67
69,76,107,81,64,64,69
67,81,111,76,67,64,72
80,86,106,81,70,70,70
82,88,112,83,67,68,68
77,86,109,85,64,70,69
77,86,106,116,72,68,68
79,78,101,109,67,66,69
81,88,106,107,68,63,65
73,88,105,95,63,61,68
65,90,107,90,67,70,73
80,90,109,83,72,67,72
86,90,104,87,70,66,70
85,100,112,85,70,175,75
83,98,115,76,67,67,72
85,90,114,109,63,64,72
86,89,115,105,71,67,72
89,93,119,93,72,69,180
85,93,111,87,68,67,48
81,92,102,117,69,61,69
75,87,95,111,68,63,70
80,78,101,103,73,69,71
79,158,89,97,67,62,65
79,82,96,92,65,64,70
77,89,108,85,69,67,70
79,86,109,83,70,65,73
84,92,115,82,68,72,78
86,83,111,81,70,69,75
88,89,106,85,64,73,74
84,94,120,79,66,69,72
83,92,118,72,70,68,73
83,92,114,74,73,72,76
84,89,110,79,70,66,74
86,92,108,98,70,63,70
76,84,102,95,68,66,66
73,84,105,89,69,72,70
79,80,100,96,72,68,71
77,80,99,96,69,70,68
80,84,100,116,72,64,65
83,86,98,104,70,66,69
73,91,104,98,70,68,64
78,91,100,95,71,60,67
74,77,96,93,65,68,69
80,86,103,85,68,63,67
80,83,97,88,65,60,64
66,96,123,78,69,69,73
81,143,120,84,72,66,76
76,91,115,84,73,69,70
88,96,116,80,68,66,74
82,99,121,79,72,66,74
84,99,114,73,70,69,73
78,94,111,81,78,70,76
84,93,115,81,70,65,74
88,94,110,83,72,60,69
85,93,111,84,72,65,68
86,98,122,75,72,65,74
81,92,113,77,75,67,75
85,96,114,77,70,67,73
83,89,108,83,68,67,71
88,96,115,80,73,69,71
87,101,121,84,70,67,73
82,96,118,79,72,64,71
81,89,111,81,70,68,74
83,91,118,77,68,63,75
85,90,111,78,71,65,74
84,97,114,95,69,65,74
88,96,117,83,70,65,74
85,96,119,80,72,68,75
86,94,115,81,74,70,78
88,90,136,83,73,70,73
89,97,105,83,69,68,74
84,101,111,84,70,67,71
87,93,118,99,68,68,70
84,91,117,89,68,70,74
78,89,108,89,69,68,73
84,90,110,85,71,69,76
82,95,110,91,72,68,75
82,94,114,80,70,61,75
81,92,118,81,71,72,75
87,94,113,83,75,69,75
89,89,118,79,71,66,75
91,93,114,81,75,65,74
84,92,116,87,74,66,73
85,93,115,80,69,64,72
83,88,112,78,68,63,76
86,91,114,80,70,70,76
86,89,110,77,69,68,73
84,94,114,79,70,91,75
83,94,111,79,72,66,74
79,92,112,81,69,68,74
79,96,106,84,73,70,74
80,93,110,82,68,66,73
81,88,106,89,68,62,70
79,87,109,81,67,57,71
77,83,111,79,69,62,67
74,74,97,92,70,67,66
74,78,92,88,63,66,70
82,79,100,93,69,62,62
74,79,98,89,64,58,62
72,84,98,87,67,67,70
73,75,101,80,67,67,69
71,80,91,83,65,63,127
79,82,97,95,67,62,72
77,81,91,94,64,64,64
72,109,97,127,71,58,66
72,60,104,105,72,71,76
82,84,105,93,74,68,72
80,87,109,91,72,71,72
91,96,115,82,70,66,74
84,91,116,81,70,67,74
83,88,108,79,75,69,73
87,90,57,83,71,64,69
84,91,107,85,72,72,70
78,93,115,77,73,65,72
85,95,115,77,74,68,74
80,84,99,97,71,69,72
96,99,107,113,71,64,70
94,92,101,104,72,66,67
82,88,100,105,71,64,67
82,91,105,94,69,63,68
80,83,103,93,64,68,71
77,82,98,89,75,64,69
80,86,101,89,72,61,69
79,83,96,88,68,67,67
78,88,110,88,68,66,69
77,83,106,87,70,61,66
80,82,96,100,71,66,64
79,85,96,99,71,64,68
79,93,109,93,70,63,68
76,84,101,89,74,70,71
81,94,107,83,69,69,76
83,86,109,85,76,66,70
90,90,108,85,72,82,75
85,98,118,79,70,65,71
106,94,118,81,68,68,74
82,92,110,76,68,72,75
89,93,114,75,72,69,88
85,91,109,81,72,64,70
78,91,108,121,69,58,68
78,93,110,111,71,69,72
77,79,104,101,69,64,72
80,82,97,135,73,62,72
79,82,98,118,61,64,65
76,80,98,106,67,62,66
76,78,96,99,62,64,66
78,78,96,96,60,63,63
70,79,98,92,67,67,70
82,93,122,85,71,64,80
82,93,120,79,69,66,71
80,86,115,85,72,68,74
81,94,114,85,71,67,74
82,90,135,80,70,65,188
88,90,114,80,68,64,71
79,88,103,81,68,65,69
82,88,110,79,70,65,70
82,90,107,81,69,72,75
86,92,110,83,66,70,74
82,90,105,83,69,72,72
81,93,114,79,70,63,72
84,96,124,81,70,63,73
79,90,122,73,67,76,73
81,87,110,92,75,68,76
83,88,101,109,68,66,70
87,99,111,100,72,61,68
78,85,106,97,72,62,69
76,85,99,90,68,63,74
81,78,99,84,70,67,66
77,78,94,92,62,68,67
79,86,98,89,70,62,64
70,88,101,91,70,65,69
75,86,98,84,68,64,67
75,77,108,87,72,70,71
78,86,106,96,66,64,67
79,83,104,91,70,65,66
77,86,98,86,68,64,64
78,84,102,81,70,71,68
80,85,105,87,74,69,71
83,90,102,83,76,69,72
80,94,108,85,69,65,72
84,91,109,77,70,65,84
79,93,113,77,67,68,72
85,97,115,77,68,68,97
84,92,108,79,73,66,72
90,93,117,79,72,73,72
86,96,135,81,70,66,72
82,98,116,77,69,69,75
88,97,115,78,72,69,78
87,92,114,79,72,65,77
84,88,112,80,70,65,72
76,88,102,157,71,66,71
78,90,103,138,73,69,70
76,80,104,129,67,65,68
78,77,92,116,70,64,72
80,83,96,109,67,60,65
68,81,99,97,65,64,73
73,80,94,92,68,63,71
75,83,106,87,62,62,67
73,79,102,105,67,65,73
73,84,107,83,66,69,68
78,90,102,78,72,63,68
73,92,106,75,66,68,75
81,91,106,80,68,66,73
89,90,114,77,69,63,77
86,86,108,77,70,65,68
81,85,111,80,62,59,64
81,92,115,73,66,66,66
79,88,118,85,66,66,76
81,91,111,83,70,68,69
82,86,108,80,68,63,67
86,89,109,93,68,88,74
86,96,111,82,67,62,71
78,91,110,88,69,66,72
81,94,110,86,72,70,75
89,94,117,80,72,70,78
91,95,112,80,76,67,71
88,99,123,81,70,66,71
91,102,123,76,71,70,78
89,94,115,78,69,72,77
86,94,115,71,69,67,74
84,90,107,117,71,64,74
89,99,112,105,66,70,73
85,98,117,98,69,68,73
89,101,123,87,70,69,77
82,94,112,88,74,65,76
86,88,120,87,68,71,76
90,88,113,85,67,63,69
79,93,110,87,70,68,70
78,84,108,80,72,67,73
85,83,110,155,75,68,72
80,84,96,137,72,68,72
78,85,93,123,71,61,70
75,83,96,109,67,60,64
74,75,93,103,63,63,69
77,79,90,95,59,60,64
67,70,88,183,63,62,66
73,77,100,89,67,62,67
73,70,109,88,60,59,56
80,88,107,103,63,65,67
81,86,107,91,62,64,68
81,84,101,92,63,63,68
76,74,91,88,67,64,67
74,84,96,145,69,61,67
76,83,94,126,67,65,66
79,82,91,112,68,62,69
71,79,96,100,59,62,70
74,76,95,96,54,64,71
78,96,101,83,64,63,65
80,86,97,83,65,63,70
73,81,104,85,68,70,74
86,90,102,85,68,66,77
84,92,114,80,68,63,70
85,94,116,77,69,69,67
82,96,121,90,73,72,72
90,92,115,91,72,63,71
84,90,110,89,66,65,69
77,88,108,165,67,64,66
77,89,102,145,69,63,67
70,77,93,128,69,66,67
72,79,94,114,65,62,65
72,73,94,104,65,66,63
72,75,88,99,62,59,73
74,74,90,93,56,62,64
63,75,88,91,64,62,65
68,76,103,84,65,66,74
78,86,102,113,71,68,72
80,88,109,103,67,65,72
84,85,109,91,65,64,68
86,88,102,89,58,60,61
72,81,92,119,63,58,67
83,88,100,105,77,61,65
191,80,98,104,67,61,67
91,93,105,92,68,63,65
77,88,106,87,64,64,69
80,82,96,83,59,58,62
66,72,88,95,65,64,65
80,90,109,87,66,64,71
77,87,105,89,70,61,75
87,90,107,83,68,74,74
90,94,108,109,71,68,70
83,94,104,85,69,68,70
80,95,112,81,73,67,70
82,85,147,89,70,65,68
76,78,96,121,68,64,69
85,80,102,109,71,70,74
86,88,100,104,71,68,70
78,81,99,96,63,63,58
77,82,90,92,65,61,59
74,68,89,106,67,64,61
79,75,95,98,64,56,72
77,83,99,91,59,65,67
72,87,104,87,66,65,72
78,86,101,83,68,67,74
85,88,103,87,69,66,72
85,89,107,90,66,62,68
70,84,95,88,72,63,65
76,89,102,83,68,67,72
78,85,102,84,72,91,72
84,88,106,85,66,70,74
86,98,114,80,70,64,72
80,89,112,81,68,77,72
87,94,110,81,71,68,72
85,91,114,86,101,70,79
89,88,110,87,75,66,69
85,93,118,81,69,67,76
91,94,118,76,70,70,72
83,91,112,79,68,65,69
76,85,115,79,63,67,72
92,88,114,73,64,68,75
80,86,113,77,66,63,62
75,84,108,75,63,62,65
76,79,104,91,63,62,56
76,81,100,132,65,64,69
69,84,104,115,66,65,60
76,83,102,109,67,60,62
66,80,94,133,67,61,68
63,80,97,114,65,65,65
70,75,90,111,63,62,64
70,76,94,98,60,66,66
72,77,93,136,62,61,59
75,86,101,99,67,65,72
75,81,102,93,67,64,70
71,85,102,92,70,67,70
80,90,102,87,68,67,73
80,95,114,84,72,63,72
77,91,108,83,66,65,73
77,200,104,146,73,67,70
81,89,101,133,69,59,64
69,85,98,116,65,65,67
68,83,98,107,67,62,68
80,80,98,95,64,59,66
72,78,96,90,63,56,64
70,69,91,92,57,66,69
71,72,83,89,61,61,68
71,78,92,82,67,67,65
76,81,106,83,68,68,70
85,93,106,87,70,67,72
89,92,111,82,70,66,72
85,90,107,83,70,65,68
79,85,107,103,71,71,63
77,85,95,98,70,67,70
80,76,113,93,70,68,72
75,84,98,89,68,66,68
77,82,98,88,68,58,69
75,81,108,85,65,65,67
72,82,99,88,69,64,60
71,80,102,86,71,65,70
77,85,99,89,71,66,72
73,81,97,92,71,62,66
79,86,101,88,70,65,66
75,91,106,87,70,66,66
75,95,102,84,70,62,70
77,82,98,131,69,66,72
79,84,111,120,71,64,66
76,80,98,107,73,69,66
72,85,101,101,69,66,68
79,81,96,96,62,60,65
82,98,96,90,60,64,72
80,90,113,105,64,66,73
74,89,114,101,65,63,72
80,90,109,177,69,62,69
81,88,112,83,66,63,70
84,83,114,83,60,62,68
77,83,102,87,61,65,69
73,172,98,102,68,57,67
71,80,96,97,64,61,67
74,80,105,91,70,70,72
85,83,102,114,69,65,67
80,115,107,105,70,69,69
78,142,106,93,66,61,73
77,84,104,89,62,64,68
76,81,102,88,68,68,70
81,86,105,86,70,66,71
84,90,108,84,70,66,72
87,93,114,84,68,62,81
85,98,117,159,71,66,73
73,88,107,142,67,60,71
83,89,106,123,67,64,73
75,83,101,112,67,69,70
78,83,106,99,64,62,67
83,90,103,93,64,64,67
78,82,101,89,63,66,64
76,78,96,115,61,57,62
70,76,92,104,71,62,66
74,83,111,130,65,63,67
79,85,111,116,65,64,70
82,86,105,103,63,63,68
78,80,99,98,60,61,64
69,78,97,93,57,68,67
75,82,101,89,58,67,73
84,88,99,86,62,64,65
67,74,99,88,68,66,68
81,83,92,93,63,65,68
78,82,94,88,65,64,62
66,84,100,97,66,65,64
79,90,107,93,70,68,70
81,88,109,92,70,67,66
81,88,105,87,74,72,73
84,97,109,81,72,62,71
82,88,108,84,66,64,70
73,80,93,102,71,67,75
82,82,96,96,70,67,71
80,83,100,95,74,59,61
72,85,100,89,71,59,70
79,86,106,89,72,66,67
77,81,99,85,66,64,68
80,83,98,114,77,68,70
84,86,95,105,72,63,67
81,85,95,98,69,63,63
77,81,96,100,69,64,68
75,83,98,92,62,60,67
73,86,99,100,69,61,69
77,89,109,92,64,67,66
76,82,104,85,63,62,68
66,78,101,84,62,64,69
79,92,110,97,64,72,77
83,87,106,223,68,60,75
75,87,103,108,70,66,68
77,86,101,103,63,63,69
77,80,98,91,61,65,67
76,82,101,89,64,61,63
82,84,100,84,62,61,66
70,78,98,85,67,62,64
74,87,107,81,68,67,74
80,82,106,81,66,67,70
84,84,109,84,72,69,74
87,90,109,87,62,186,71
79,92,110,96,67,62,68
80,83,96,92,65,61,63
78,82,99,83,67,64,70
78,82,98,86,64,64,72
78,80,96,85,70,62,67
73,83,111,84,68,73,73
73,90,105,83,68,72,73
82,88,109,83,68,67,75
85,93,101,81,189,71,72
84,91,113,84,67,67,69
80,94,114,77,71,71,77
78,90,118,79,68,70,72
85,90,106,80,64,66,68
78,81,100,81,66,62,62
74,77,89,85,64,61,60
68,81,96,79,68,62,69
73,78,100,84,66,68,71
77,82,96,82,85,66,67
79,82,95,83,68,62,72
84,90,110,77,73,64,70
77,84,106,79,73,72,73
82,113,109,85,74,74,76
83,90,111,77,71,69,72
81,93,119,85,72,67,74
80,98,120,77,123,69,102
82,91,115,82,66,69,72
83,91,110,97,63,66,69
82,99,110,90,62,64,67
81,86,105,91,63,62,64
79,81,96,106,65,65,62
77,88,103,99,67,64,62
68,101,120,93,70,68,81
84,99,108,93,78,62,78
85,96,107,91,70,60,69
80,91,110,93,68,67,68
81,158,110,87,66,67,80
88,97,111,81,72,69,80
82,93,111,84,77,69,74
83,93,111,84,74,93,75
88,96,115,78,71,64,74
87,95,115,73,67,64,74
88,93,107,74,66,63,70
79,89,96,123,67,64,72
79,87,96,115,63,58,64
75,84,94,195,68,58,63
73,82,92,167,65,62,67
78,82,97,142,65,63,71
82,86,100,126,67,66,68
78,87,101,113,61,58,66
71,79,107,99,65,64,68
74,81,104,93,63,66,72
76,83,102,99,61,58,62
73,81,96,84,62,61,69
72,82,104,79,65,68,72
81,84,102,82,65,62,64
74,67,97,82,66,65,67
75,78,99,91,65,68,74
81,77,99,93,68,62,67
80,80,127,87,67,64,66
75,88,98,80,68,67,64
72,76,98,90,74,63,66
74,82,93,88,69,66,69
78,81,100,93,89,64,67
83,83,96,88,64,64,66
78,84,100,91,70,60,70
77,82,106,85,70,64,72
72,79,93,85,71,66,62
73,83,97,94,70,64,72
80,82,94,118,69,65,61
67,80,96,114,71,60,66
75,96,99,112,67,63,66
76,80,112,109,68,59,65
77,88,104,99,65,59,69
79,82,100,92,67,56,63
76,77,93,93,64,59,62
71,82,101,82,68,66,152
80,96,108,84,66,71,76
85,90,104,88,68,65,73
97,119,137,108,71,69,75
93,105,129,94,72,69,71
88,93,115,98,69,71,72
81,88,104,100,72,65,68
77,87,97,91,63,68,67
76,85,98,78,68,62,62
72,82,132,80,75,64,73
79,88,119,79,73,62,73
74,84,119,80,69,62,64
87,87,114,87,62,66,66
83,88,115,95,61,66,64
67,79,110,153,64,62,70
75,83,104,144,65,60,59
77,81,102,127,65,64,67
79,87,100,113,65,65,60
76,82,98,102,61,60,61
75,83,103,91,64,62,68
74,76,107,87,62,61,65
72,73,93,84,60,56,64
66,79,100,83,61,66,72
76,90,108,84,68,67,76
77,88,108,81,70,67,73
83,91,111,79,69,66,73
82,84,106,83,70,68,49
94,91,114,77,67,69,73
82,92,111,81,70,67,70
62,84,110,83,68,69,72
83,93,110,78,73,66,75
78,93,115,78,73,163,76
90,92,110,80,70,65,68
83,85,100,85,64,68,66
72,87,98,81,64,62,66
75,82,101,92,65,63,70
75,81,92,123,65,65,71
86,88,108,113,71,62,155
82,84,102,109,72,66,65
74,85,90,98,64,62,72
76,79,97,96,70,66,65
78,83,99,88,61,62,68
74,81,96,88,65,58,68
73,83,103,82,72,66,66
79,79,104,97,68,70,71
78,80,96,92,64,65,69
75,82,101,149,69,63,68
82,88,98,130,69,64,63
71,86,99,115,69,62,75
83,84,99,106,65,67,67
76,72,96,99,62,56,68
72,83,100,93,68,64,65
80,76,104,89,64,58,62
75,67,100,85,62,68,66
76,81,96,82,70,69,74
79,84,99,83,70,64,69
84,88,102,87,78,68,72
82,94,112,78,69,67,65
84,97,115,77,69,67,72
82,94,112,81,72,67,73
86,90,115,83,73,71,75
90,96,108,83,73,66,70
88,98,114,77,71,64,72
90,98,118,77,72,67,73
82,89,111,80,72,70,71
83,96,114,77,68,69,76
92,90,109,85,73,62,68
92,96,105,101,75,66,68
85,94,104,147,167,67,68
78,94,102,129,73,65,72
82,83,109,112,63,66,75
83,89,101,107,65,64,67
78,86,104,100,63,61,68
73,82,103,97,69,64,64
75,83,102,90,67,63,69
76,80,104,89,69,65,67
77,82,98,83,64,64,71
76,83,104,83,63,64,70
75,81,102,77,72,65,72
73,87,113,76,66,68,72
79,82,99,123,73,67,70
79,82,102,117,65,68,66
73,76,88,109,60,59,60
68,72,91,104,61,58,62
67,76,89,98,63,63,86
70,79,95,92,64,61,68
75,83,101,97,59,66,68
76,80,96,93,63,62,67
75,82,110,89,66,68,70
85,83,99,101,72,60,66
81,78,94,102,72,69,71
78,84,100,93,65,62,70
78,82,98,88,68,64,65
79,75,94,88,66,62,72
79,83,100,83,66,67,72
84,89,106,83,71,31,72
81,86,107,77,69,63,72
79,81,121,79,69,65,75
80,92,119,80,72,66,74
84,90,120,81,69,60,80
87,91,117,144,73,69,72
85,98,115,124,72,70,72
87,94,118,111,63,68,74
83,92,110,99,67,63,71
86,85,114,141,66,64,71
83,84,105,127,64,62,61
82,83,103,111,65,68,67
78,81,101,100,63,153,69
73,79,100,93,59,64,67
76,78,84,98,62,62,71
77,78,97,88,63,62,66
73,78,99,83,64,66,72
77,80,104,89,66,68,73
77,196,94,87,67,70,72
84,85,105,95,66,65,70
84,158,103,127,71,64,64
75,76,99,114,67,73,65
74,187,103,103,65,64,69
71,77,97,96,64,64,69
71,79,91,89,63,58,62
72,64,88,88,62,58,60
75,74,93,109,64,62,63
71,74,96,101,63,67,67
78,80,98,92,63,62,61
73,82,108,87,62,65,65
99,91,113,89,70,65,72
85,97,118,81,74,68,72
83,96,120,81,73,68,74
84,138,173,81,73,75,86
110,121,153,110,68,67,75
104,113,135,99,65,71,71
94,103,121,93,67,65,72
87,94,116,156,66,64,72
78,81,104,137,65,65,69
76,82,102,117,70,65,70
82,85,108,107,67,77,73
84,84,103,95,64,59,67
76,92,116,85,61,63,69
91,89,107,77,59,63,67
82,78,104,95,63,61,68
83,86,98,96,72,67,67
82,91,112,87,72,66,71
84,91,110,85,73,162,75
91,94,114,85,66,66,71
81,88,110,77,64,62,68
77,88,104,77,63,66,69
80,82,102,82,66,62,66
93,104,127,81,66,58,74
92,103,121,77,67,66,74
90,93,97,108,68,67,71
84,89,98,195,66,61,70
84,92,104,168,69,63,64
187,85,98,144,69,61,66
75,84,98,127,67,63,66
77,85,100,112,63,61,67
72,81,105,105,62,61,67
72,87,109,91,62,65,68
72,86,106,88,66,66,68
81,82,106,80,67,67,69
77,82,100,83,104,63,63
73,80,94,88,56,64,63
72,77,90,89,61,58,61
77,81,102,83,60,62,66
72,82,99,81,68,65,67
78,88,107,81,70,68,72
84,89,111,81,68,68,68
84,87,104,80,70,70,67
84,95,113,80,72,67,72
85,94,113,84,66,68,72
79,93,118,81,68,68,73
85,97,117,80,71,71,72
87,91,111,125,68,66,71
87,92,106,116,74,70,71
83,95,113,106,73,67,73
82,108,149,93,69,68,67
85,96,112,85,63,61,65
82,96,109,84,64,69,70
86,95,112,79,72,67,72
84,94,112,88,69,66,72
82,96,114,76,75,67,70
84,97,120,76,69,70,73
88,94,110,80,73,69,76
87,84,107,85,67,66,73
81,90,106,81,63,70,71
80,86,104,81,71,64,72
81,88,104,81,68,65,70
81,82,97,100,59,59,61
74,75,92,125,60,66,63
79,84,94,115,69,66,67
83,84,96,108,68,66,62
71,80,93,103,69,67,68
71,79,92,97,64,59,70
69,76,94,102,69,60,63
72,66,90,102,62,63,67
79,79,99,91,64,63,71
72,75,92,94,59,59,61
73,127,91,83,59,69,70
75,82,99,82,68,65,66
78,85,100,87,70,67,74
81,88,107,77,67,68,75
70,91,114,75,72,69,67
83,86,110,79,74,68,74
198,93,112,80,69,64,79
91,92,112,82,72,67,75
87,87,114,83,68,68,69
94,89,109,81,73,66,72
84,86,107,96,72,64,72
78,83,172,109,69,63,65
81,90,108,99,72,68,67
80,91,107,95,71,69,70
76,85,102,87,73,67,79
78,84,107,89,67,63,72
83,86,104,85,70,66,67
79,96,107,84,67,65,69
86,96,116,75,68,70,66
83,88,113,73,69,66,71
85,90,114,73,61,66,70
83,90,113,93,67,62,70
76,81,109,151,71,62,64
70,82,104,131,65,64,68
71,80,107,117,63,59,62
67,74,94,110,63,63,68
71,84,97,116,69,63,68
68,70,88,108,65,63,62
67,75,89,102,65,57,62
69,72,85,94,61,57,57
70,78,100,88,148,66,65
76,74,96,86,62,66,73
76,79,109,155,61,62,72
70,88,111,85,62,64,69
69,88,117,80,61,67,69
80,83,111,74,68,62,67
78,82,89,88,65,63,64
74,76,98,124,65,63,64
72,81,104,117,67,63,70
72,77,90,111,61,57,62
69,78,90,95,63,66,68
109,83,94,92,63,63,64
73,79,89,91,63,57,70
71,80,110,84,66,66,72
75,91,113,81,69,66,72
84,199,111,89,68,59,67
78,88,105,85,72,76,73
75,89,111,136,73,66,83
76,86,102,124,72,65,71
76,82,102,109,67,61,68
80,89,104,97,63,62,71
79,88,103,84,63,64,68
80,77,88,97,63,61,68
78,79,97,92,67,61,70
78,82,110,86,66,65,73
76,88,105,164,99,70,72
81,90,110,144,66,64,72
80,82,96,126,64,68,65
80,80,105,113,65,61,68
78,80,99,100,66,63,64
70,76,99,92,68,65,68
78,82,102,110,65,67,67
75,77,96,99,62,54,69
71,89,109,90,65,67,67
73,100,127,87,64,63,74
81,88,110,88,61,61,70
79,83,108,85,83,70,67
77,80,98,83,62,56,66
77,82,111,81,66,68,76
109,89,107,95,70,64,61
84,86,111,89,67,62,67
76,86,105,89,67,66,65
73,82,152,87,70,62,68
71,75,88,110,73,61,68
74,77,88,106,69,64,71
72,82,102,99,72,67,70
79,78,104,101,66,64,70
80,82,94,95,60,59,65
156,81,104,85,66,63,74
86,90,105,88,68,65,71
82,96,115,81,68,67,72
83,95,104,75,66,66,73
78,90,112,79,67,66,74
83,92,110,139,69,70,74
79,88,111,124,73,66,73
87,92,108,112,69,67,67
84,91,113,99,66,66,68
79,88,104,93,65,62,66
79,88,103,107,170,67,69
75,84,101,99,67,68,70
79,86,105,95,61,63,69
76,82,98,90,64,58,64
75,84,110,86,68,63,70
73,79,101,93,62,60,67
77,81,102,84,68,66,79
101,104,142,89,72,73,77
95,104,133,81,64,66,73
86,93,128,80,68,69,74
87,96,119,85,71,68,71
89,90,111,92,68,72,65
87,86,105,105,74,66,66
73,87,106,95,74,61,66
73,90,108,89,73,67,67
76,79,96,90,70,67,73
80,88,99,100,69,64,70
74,84,102,98,70,63,65
84,88,104,89,68,66,64
73,85,98,89,70,62,72
72,79,103,91,72,65,69
76,81,94,158,71,63,68
77,85,105,137,65,68,63
79,86,101,138,65,64,68
79,87,97,116,65,54,70
78,81,104,105,63,58,68
71,84,98,98,64,62,67
79,79,104,93,60,65,65
70,79,95,90,61,61,70
82,83,106,83,66,58,72
75,86,114,109,63,63,67
80,94,107,97,66,79,70
79,89,104,88,68,60,68
73,80,94,96,59,66,62
71,85,100,91,67,64,63
72,79,101,147,68,66,70
76,80,89,131,76,64,69
67,75,93,116,66,63,67
87,84,100,103,64,60,65
75,73,80,101,60,58,61
71,80,104,88,63,62,64
67,71,97,86,56,63,64
73,79,92,79,59,56,68
71,78,96,75,169,61,68
72,77,98,98,63,60,65
74,81,96,85,62,66,68
70,82,103,87,62,65,69
80,84,99,100,68,62,66
73,82,96,96,70,64,63
77,86,101,89,72,62,71
73,77,92,128,71,64,69
68,84,102,107,67,73,69
76,83,96,101,66,63,66
80,83,102,87,67,65,71
83,85,106,85,65,63,71
79,85,101,91,64,62,70
77,77,97,88,31,63,68
78,90,109,80,67,67,74
82,96,110,75,72,64,74
78,83,101,87,74,70,70
80,87,101,135,67,63,68
82,87,106,122,71,64,64
76,86,101,111,70,61,70
74,88,102,101,67,67,68
71,80,98,96,63,57,69
75,76,86,104,65,62,64
75,79,100,94,64,66,64
77,74,104,91,61,59,63
69,81,108,88,90,70,71
77,82,99,91,69,67,72
79,81,101,109,70,60,67
76,78,96,104,70,62,66
77,104,123,100,66,64,76
92,93,111,89,64,63,68
86,88,102,89,59,65,64
81,85,104,85,69,68,69
80,86,106,79,67,62,66
82,89,116,76,69,72,72
86,87,106,77,69,72,74
86,82,110,84,68,77,74
89,89,112,77,74,68,70
77,92,114,84,70,64,69
85,100,117,81,74,66,75
83,91,109,79,72,69,75
87,96,114,77,72,67,68
84,88,104,81,66,64,107
75,79,100,155,66,67,66
74,75,100,132,63,61,73
74,81,98,118,65,63,65
74,79,95,109,63,62,61
78,81,97,98,63,62,66
72,79,98,88,67,64,67
84,81,99,88,65,66,68
75,86,98,85,66,60,66
74,80,102,84,72,65,72
75,77,110,94,57,62,74
71,78,89,102,151,65,65
78,90,99,89,67,68,67
79,81,90,88,67,63,68
72,75,88,102,60,57,67
76,85,104,97,66,67,71
78,86,106,84,63,63,71
71,77,96,83,70,62,70
73,78,114,83,70,64,69
79,78,90,137,69,66,66
75,78,89,122,77,115,69
75,80,100,110,64,63,72
69,78,95,101,56,59,61
75,80,96,93,58,65,66
78,83,102,103,67,62,69
86,94,110,100,68,66,72
79,89,98,96,62,63,67
73,85,104,91,69,63,72
79,84,99,88,61,59,66
69,78,92,143,71,65,72
81,82,99,127,69,71,71
78,76,95,141,62,63,65
75,80,104,123,61,62,68
80,86,100,109,65,64,67
76,80,99,97,69,60,63
74,78,209,121,65,65,64
79,83,98,107,63,68,67
75,81,99,97,64,67,72
76,85,101,91,63,61,75
88,99,124,91,68,65,68
86,95,115,83,63,65,70
88,90,106,97,62,66,70
74,80,110,93,60,62,66
81,83,99,87,76,64,72
80,84,103,97,68,62,66
72,85,98,104,64,72,65
65,79,95,96,70,64,75
84,88,111,92,70,62,75
78,86,106,89,72,61,75
82,95,112,84,70,66,74
82,94,113,81,68,69,70
79,88,115,80,72,66,70
85,89,111,81,69,66,74
80,86,102,83,72,66,73
86,95,106,83,71,66,75
78,89,112,77,66,67,75
74,78,97,80,62,64,66
65,74,92,83,66,64,61
73,76,105,77,65,68,72
77,84,104,83,63,63,62
68,79,108,92,68,62,68
79,88,107,83,65,65,67
72,79,100,96,68,66,68
76,80,90,91,69,63,64
77,76,106,89,63,61,63
75,83,98,88,70,64,62
72,82,103,82,71,67,76
74,83,108,79,69,64,74
86,88,104,82,70,70,72
84,94,111,83,66,67,99
88,96,112,79,69,70,74
83,88,108,84,64,66,69
82,84,102,77,64,63,68
72,80,103,77,66,71,72
81,95,113,76,62,67,72
81,87,103,100,57,61,64
79,88,104,93,65,64,70
75,84,102,125,69,65,67
78,84,101,100,68,65,69
72,87,114,163,70,62,66
75,88,107,139,75,62,70
74,85,130,127,70,64,68
78,87,104,112,68,59,69
75,83,92,101,63,62,72
74,83,100,92,63,65,70
78,88,99,93,65,61,67
76,86,107,81,67,61,67
74,80,102,80,64,58,63
71,83,125,76,66,66,69
88,94,116,89,62,63,67
79,89,114,93,69,62,69
78,86,104,92,69,64,67
76,78,94,96,66,66,65
76,76,90,94,68,60,69
82,78,87,94,72,60,60
71,80,88,173,71,63,63
71,83,91,148,65,65,67
80,83,104,129,68,65,68
75,79,100,114,61,62,68
78,86,105,100,69,68,76
80,86,106,95,69,63,69
76,85,109,86,63,60,65
73,79,100,83,65,63,70
72,79,99,82,66,64,72
77,80,98,80,65,61,65
70,74,85,86,65,58,66
74,74,94,104,69,69,67
72,72,65,101,77,68,66
72,80,93,93,69,67,69
80,83,101,103,65,63,58
71,74,90,98,72,61,64
73,79,94,91,62,65,66
76,76,86,92,64,58,69
74,73,95,90,60,60,65
72,83,108,83,74,66,72
78,89,113,77,68,66,75
80,86,102,90,72,67,71
80,84,103,127,71,63,69
81,90,103,113,69,67,70
79,84,99,100,69,69,72
85,82,98,94,61,64,70
71,82,99,95,63,62,65
73,80,92,90,65,65,69
78,91,108,80,67,66,67
82,91,116,77,67,68,80
83,86,99,91,68,70,70
84,83,100,93,65,67,72
87,88,103,84,70,62,62
75,83,97,86,67,65,67
76,78,99,114,69,67,70
79,85,98,112,70,64,70
82,91,105,99,69,65,66
79,96,112,89,68,63,72
79,88,107,87,74,66,73
88,90,115,83,73,65,79
85,93,113,83,71,66,74
85,92,107,86,70,62,78
78,92,110,80,72,65,72
96,87,106,83,66,61,68
81,83,102,84,66,63,66
80,79,147,81,67,69,84
108,104,133,93,70,70,74
99,93,118,116,65,67,70
91,88,102,108,63,61,62
82,79,109,96,63,63,68
85,85,104,115,73,65,68
74,92,104,107,69,65,72
84,92,111,161,69,68,72
81,85,106,114,65,64,66
73,90,114,101,51,60,61
78,82,94,98,54,66,67
78,80,101,88,64,66,72
77,83,104,87,65,66,71
77,76,95,81,66,47,62
69,79,91,88,64,62,67
74,126,157,93,70,74,85
111,111,142,113,69,66,83
97,104,123,182,69,65,73
90,98,116,155,67,66,72
90,83,114,134,63,64,70
82,86,107,119,65,67,67
81,88,102,107,70,62,68
79,84,116,95,63,64,64
89,90,112,91,65,63,130
82,81,103,93,59,58,65
76,81,117,97,61,62,70
72,74,105,113,65,58,62
71,77,99,102,63,56,63
62,77,101,96,66,63,62
67,78,106,105,64,63,64
73,75,91,92,63,61,66
71,88,101,85,64,61,66
75,81,104,84,67,64,69
77,87,98,109,60,61,66
77,87,105,121,72,65,72
80,81,103,147,113,69,70
76,84,115,127,69,63,72
86,87,108,113,68,69,64
77,83,102,107,63,66,66
77,84,105,97,60,64,68
66,77,99,93,62,64,64
67,74,89,94,63,59,67
76,71,94,106,61,58,61
72,70,97,97,64,66,71
80,83,98,93,62,63,70
75,80,98,83,64,62,70
75,201,103,76,62,61,65
72,80,96,82,63,60,66
64,83,108,78,67,69,72
80,82,107,77,70,70,76
78,84,110,77,72,66,69
85,92,112,77,92,67,73
83,92,113,87,64,67,71
84,94,117,71,70,65,70
79,88,110,77,72,68,72
80,90,110,86,63,72,74
87,88,106,93,68,66,72
80,84,102,82,68,65,70
79,83,98,80,59,64,68
79,77,104,80,64,62,70
80,79,99,89,66,70,64
85,84,100,101,66,61,73
79,86,104,89,69,62,64
116,87,105,87,72,69,72
82,88,109,87,69,68,74
79,86,106,89,72,70,74
85,90,107,81,69,67,70
89,85,101,88,64,63,67
78,83,104,80,66,64,67
81,83,102,95,67,61,70
79,85,105,94,71,65,70
78,83,102,103,73,65,62
71,81,97,101,72,67,72
92,122,135,96,70,65,72
84,104,129,90,70,64,72
85,102,113,88,68,68,72
86,92,112,98,67,62,72
93,92,110,93,70,61,65
74,93,105,184,67,66,68
80,91,104,155,71,70,72
84,86,99,137,69,65,69
81,86,99,117,61,63,69
75,82,103,103,65,63,63
81,83,100,96,61,60,60
76,84,104,91,63,66,64
84,88,106,97,69,67,70
78,84,101,97,66,66,67
77,85,106,87,66,63,72
79,81,98,84,62,63,69
78,81,114,77,64,62,69
79,79,99,97,67,62,70
78,78,93,152,66,62,53
76,82,98,132,68,66,72
78,83,103,121,71,64,68
84,94,120,100,69,65,71
80,86,113,100,64,64,63
79,88,107,92,63,70,66
78,84,103,90,61,63,67
81,84,108,82,70,70,65
78,84,101,87,67,62,62
75,76,91,87,62,143,67
72,81,93,81,62,64,66
74,76,104,80,62,66,68
80,82,94,83,62,60,67
72,78,97,79,70,67,67
79,86,102,133,67,63,69
73,80,95,124,69,64,62
77,78,104,113,67,62,66
75,84,99,107,64,62,72
79,85,93,95,64,61,68
77,83,97,85,66,61,70
75,81,96,111,67,62,66
77,86,102,101,68,63,68
77,83,100,117,67,66,65
74,78,104,104,67,64,68
77,93,111,98,63,66,72
75,90,108,93,68,66,68
72,82,99,101,63,60,65
71,78,95,94,65,65,80
75,82,101,101,67,62,68
83,83,99,124,65,64,68
74,85,106,103,63,64,69
72,84,110,97,63,59,69
73,82,102,91,66,60,66
69,77,105,85,66,63,64
75,78,104,80,67,61,59
71,69,87,83,58,61,64
77,83,104,79,63,61,66
80,88,110,88,62,62,69
74,80,109,91,63,66,64
79,81,105,101,67,63,61
79,84,102,91,69,64,66
66,80,99,92,68,66,66
68,77,104,89,70,68,72
78,80,92,92,69,62,69
69,79,90,92,72,65,69
79,88,98,84,68,66,66
86,86,100,89,64,63,69
77,88,105,83,70,70,76
86,89,106,77,72,68,69
86,91,106,84,63,66,74
82,90,118,75,69,64,76
78,91,122,79,72,68,74
82,92,112,79,70,70,72
85,92,107,83,68,63,70
80,85,104,78,66,62,72
77,82,102,120,68,63,66
73,86,106,109,67,63,75
76,77,94,104,69,62,72
80,82,96,98,63,67,66
77,83,106,89,68,59,65
79,82,99,179,71,66,63
72,83,96,155,64,66,66
79,84,99,131,67,61,68
79,79,102,117,68,64,65
75,84,102,105,61,61,67
68,83,108,94,64,63,71
90,80,102,89,58,62,63
69,74,96,84,63,61,70
73,82,105,95,68,61,71
75,83,99,88,63,64,67
72,82,103,125,63,63,74
73,83,100,143,64,65,182
72,73,90,128,63,59,68
75,82,101,112,65,67,68
76,83,101,104,118,65,72
79,84,94,95,66,60,76
88,98,118,100,63,62,76
99,94,107,93,64,60,72
80,86,102,88,64,62,75
78,86,108,81,68,61,72
78,84,97,87,61,57,65
74,76,98,83,60,62,65
76,89,104,117,71,69,70
83,83,102,108,67,63,67
79,82,102,152,67,66,64
78,87,104,132,65,64,66
75,80,101,113,61,64,68
77,86,138,101,78,62,65
79,85,105,93,64,63,67
74,84,104,89,63,65,62
73,84,102,89,63,61,66
77,82,103,112,63,62,70
139,78,102,101,61,67,70
78,80,100,113,60,60,65
73,82,97,104,67,66,67
74,75,96,96,63,66,73
78,84,109,91,67,62,64
72,178,97,99,63,65,65
71,77,93,96,62,47,66
72,75,92,91,180,65,67
78,77,99,86,61,60,63
68,78,91,86,60,66,69
74,79,96,82,66,62,69
76,80,104,81,58,62,66
64,80,98,86,133,65,66
75,74,96,84,65,60,70
81,81,94,83,66,63,70
75,82,95,114,68,62,72
80,82,98,131,71,68,70
77,77,96,114,63,58,61
73,150,99,105,65,60,66
73,78,26,102,61,66,63
71,90,104,97,69,58,66
71,81,98,97,56,66,63
75,89,103,105,65,65,69
74,82,100,97,62,63,67
64,80,100,90,64,60,66
76,81,102,80,65,63,67
73,75,91,92,64,65,60
68,79,98,86,68,67,68
79,85,129,80,67,67,73
87,88,104,85,69,0,78
92,91,126,79,74,68,74
91,89,126,81,72,67,75
88,88,118,83,74,70,74
85,87,113,93,62,64,73
84,91,111,209,69,66,72
72,86,104,113,68,67,67
79,86,101,107,73,70,69
76,83,102,133,69,69,66
76,80,97,141,62,64,64
71,80,98,142,61,62,62
74,77,99,123,60,67,66
74,83,99,108,65,63,64
72,79,100,99,67,62,66
71,80,95,90,63,62,66
141,86,122,81,66,61,66
67,73,104,80,55,58,62
64,75,92,80,59,57,65
73,77,101,83,62,62,62
78,86,110,79,58,66,67
75,84,102,87,65,66,64
73,85,100,89,62,64,61
79,82,100,85,67,64,67
74,71,89,145,67,67,69
78,84,96,129,66,63,69
75,81,90,120,68,62,63
74,79,90,109,65,64,66
77,85,218,102,63,58,61
73,91,106,95,60,68,72
79,88,102,84,64,63,67
79,88,104,107,67,61,74
78,87,110,88,65,66,73
81,83,106,95,62,71,70
78,90,113,193,72,70,76
82,88,114,86,67,63,72
87,89,108,92,63,63,68
79,83,97,168,63,90,66
82,84,98,144,60,58,64
70,82,100,125,67,67,71
78,80,94,111,65,62,65
70,85,105,131,66,67,65
82,80,107,115,65,62,71
77,83,101,106,63,63,70
81,81,104,95,61,62,68
69,80,107,91,61,64,70
77,77,104,85,60,64,66
75,73,100,84,65,62,69
72,78,98,78,65,67,68
75,77,95,108,65,64,70
76,89,105,96,63,63,70
75,82,96,92,62,64,69
72,79,98,107,68,60,68
76,81,94,96,65,68,73
77,87,107,91,69,70,74
85,84,108,89,67,67,72
83,92,113,85,68,73,76
240,91,108,70,67,62,69
79,93,105,79,66,65,69
74,84,104,74,68,63,70
78,81,98,104,63,62,64
75,78,96,120,67,70,65
77,85,102,107,71,68,72
81,81,98,102,64,62,64
71,76,92,93,64,53,61
74,77,93,100,64,64,65
77,89,105,97,67,70,72
77,88,110,81,70,69,73
83,91,113,81,62,72,77
84,91,107,85,63,82,72
80,85,98,83,66,61,67
79,84,107,79,68,64,70
79,82,131,92,64,70,73
95,96,114,149,63,66,69
88,90,102,129,61,66,64
87,84,98,115,59,60,63
79,72,86,104,61,64,68
77,84,99,94,68,69,72
74,83,95,93,68,63,66
77,78,90,88,68,65,74
79,86,104,83,70,63,74
79,80,96,85,60,64,70
73,86,103,79,61,60,68
78,85,102,82,66,66,66
78,83,94,154,64,62,70
73,84,101,140,73,66,66
72,83,101,125,71,69,70
77,84,107,113,70,72,76
96,101,115,99,63,69,74
88,90,100,97,66,69,70
85,89,100,88,60,67,62
77,82,95,114,63,62,68
76,84,93,162,67,66,65
76,79,91,87,63,57,62
69,80,108,91,64,65,67
69,77,98,86,62,62,62
65,79,102,86,156,70,72
80,91,116,87,68,68,74
86,86,107,100,63,59,70
97,102,125,105,65,70,82
84,94,108,105,63,68,78
86,90,110,99,60,68,69
84,92,107,103,63,74,72
78,83,101,100,61,64,64
74,78,102,96,62,70,68
75,75,90,102,71,64,62
69,194,96,94,67,72,68
76,105,99,88,62,63,69
70,76,96,86,66,74,75
98,102,126,88,67,65,73
87,102,119,85,70,66,77
79,100,112,77,67,70,71
76,94,105,75,62,63,73
76,85,96,76,64,65,69
70,78,94,88,63,60,64
67,77,96,83,65,64,63
67,80,89,82,58,66,67
76,81,94,96,63,59,117
74,83,98,102,61,67,67
66,80,102,91,62,64,77
68,79,90,84,64,57,64
65,70,83,82,58,64,66
70,79,97,72,65,61,64
69,74,79,89,63,61,67
71,86,96,82,65,56,68
76,91,107,78,67,61,66
75,88,108,83,63,67,70
75,88,108,80,68,67,72
82,86,107,77,65,67,72
77,88,109,79,70,66,72
84,88,116,80,69,64,70
107,92,116,82,67,72,72
83,91,110,73,66,69,72
198,69,106,77,64,65,67
82,84,106,92,62,66,66
82,91,108,82,62,64,65
80,90,114,81,64,62,66
77,84,113,77,62,72,72
82,83,112,76,69,64,69
77,82,106,80,66,62,70
85,87,100,73,70,63,73
85,91,112,71,61,61,77
91,92,107,73,68,61,72
84,88,95,88,62,61,66
84,88,102,85,62,70,72
86,88,104,153,67,64,66
83,84,102,135,69,66,69
80,90,104,117,73,66,70
84,96,114,109,72,68,72
77,90,112,98,66,69,72
81,81,96,92,63,65,69
83,89,104,89,64,63,66
84,98,118,79,66,65,76
82,89,107,84,62,174,68
76,88,106,131,67,61,67
75,84,101,117,65,66,66
75,96,111,103,173,68,74
85,88,105,100,61,59,69
70,82,98,96,182,73,72
79,82,102,87,63,61,67
76,90,101,85,62,63,65
76,86,104,85,66,66,65
78,84,120,91,66,66,72
86,87,106,83,64,64,69
81,87,105,83,60,60,65
77,80,96,83,63,60,67
76,75,96,98,64,62,68
83,86,106,97,72,91,68
80,88,110,83,70,67,124
79,81,104,86,66,61,67
90,102,138,81,63,64,74
80,93,121,76,65,64,71
79,91,111,84,56,65,68
74,84,99,80,62,56,69
74,83,99,78,62,66,68
74,78,97,80,66,62,68
81,81,99,75,63,65,67
75,82,96,79,62,64,67
56,80,97,75,65,64,69
76,88,96,79,67,69,68
82,80,102,85,66,60,67
73,81,96,78,64,66,69
77,89,106,81,71,66,69
81,90,111,80,74,70,72
79,89,104,81,66,65,70
82,88,107,76,68,66,145
79,82,104,78,63,62,68
79,81,101,79,65,63,70
78,82,98,73,64,61,66
78,86,104,73,66,65,70
80,80,102,78,66,62,72
78,83,133,120,62,65,72
82,77,98,107,59,61,64
80,82,97,100,65,62,67
79,77,100,93,63,62,67
73,76,94,84,65,62,64
79,80,94,99,63,65,66
77,89,102,118,68,63,66
76,82,109,108,71,71,75
79,89,105,95,72,67,79
85,85,103,93,72,63,72
76,83,96,87,68,63,68
79,81,96,114,63,60,70
74,84,104,106,68,68,70
75,75,83,98,67,63,69
74,80,94,94,66,56,64
67,76,91,156,67,61,64
78,79,101,85,66,62,72
76,80,96,88,60,64,71
78,82,112,81,61,72,70
82,83,104,85,70,63,66
80,85,110,95,70,64,72
79,79,107,91,65,68,72
141,88,103,86,67,66,71
82,91,106,83,69,69,72
84,95,117,79,68,65,66
81,94,112,78,69,65,73
84,83,111,79,66,64,70
80,87,111,77,65,60,68
80,84,104,82,66,65,66
72,80,104,112,66,62,68
77,89,102,103,69,64,72
73,76,100,117,67,65,71
76,80,94,121,67,63,64
74,82,99,162,61,66,65
73,78,91,142,59,56,63
65,68,86,117,61,66,65
77,81,100,109,61,66,66
77,81,97,96,62,60,67
72,79,96,86,64,63,61
69,76,103,85,67,63,68
71,77,91,83,63,56,62
72,81,100,93,62,66,70
75,81,110,91,65,62,76
91,91,110,116,71,64,73
85,86,103,111,65,67,70
81,79,96,102,65,65,68
77,72,97,92,68,67,66
84,102,129,99,65,58,79
89,96,116,93,66,56,84
98,90,106,85,66,58,78
88,86,106,86,64,67,72
87,89,104,85,63,72,75
87,88,104,85,64,66,72
80,88,111,81,69,70,69
83,82,97,80,66,62,68
77,83,98,82,58,62,69
77,78,94,79,68,64,68
76,82,96,97,67,62,67
82,88,103,85,66,65,65
76,87,162,86,67,64,67
77,96,116,83,70,67,72
80,87,104,97,69,66,72
82,85,107,95,60,67,74
83,86,108,130,71,59,67
80,83,110,115,73,69,70
79,85,104,105,73,72,74
81,85,110,101,71,68,73
81,88,99,101,70,64,67
80,86,100,93,67,66,70
81,86,101,87,65,61,70
70,83,92,107,63,62,65
74,80,97,99,63,60,68
72,69,89,96,62,58,66
75,77,90,105,69,64,68
76,87,94,97,64,62,67
85,75,98,143,66,67,69
78,79,94,124,62,60,61
74,82,99,107,67,67,64
71,81,96,99,67,64,66
74,67,89,125,64,63,64
69,76,93,111,61,62,67
101,75,95,102,65,61,69
80,83,96,94,62,64,65
78,83,100,89,58,66,67
72,104,143,85,63,59,74
84,93,134,87,58,57,69
76,87,111,86,63,52,68
79,90,115,83,70,68,68
79,85,112,80,65,71,75
79,96,117,81,71,69,75
87,82,116,81,70,66,74
79,93,112,83,75,71,74
86,94,112,81,69,67,73
87,96,113,81,70,66,74
85,86,105,79,66,64,70
83,88,104,80,62,63,72
77,80,97,77,69,60,65
75,73,90,91,67,64,66
71,80,102,83,68,70,69
76,84,106,85,67,67,73
79,80,92,97,68,63,58
74,75,81,99,62,58,62
69,79,94,83,70,64,66
77,88,102,87,67,67,74
82,111,103,87,71,68,67
82,86,100,83,64,67,64
84,91,107,85,69,68,72
84,91,108,81,70,63,66
81,91,110,84,66,70,72
80,89,109,79,72,66,73
84,88,112,82,69,66,75
88,94,114,83,62,68,69
84,180,109,84,62,61,69
76,88,104,77,65,64,70
75,85,101,80,66,62,64
76,79,94,80,61,68,70
79,84,101,91,66,63,65
73,88,105,156,69,62,70
76,86,97,135,69,63,72
94,105,131,124,67,70,72
81,96,117,133,69,67,70
86,94,113,105,67,71,65
79,86,101,99,60,69,65
74,80,90,92,60,63,60
73,82,94,83,63,59,64
73,81,104,90,64,60,75
80,87,100,88,60,60,74
81,91,110,83,70,63,71
85,96,121,79,71,67,74
83,89,102,95,69,66,72
82,83,102,103,70,60,62
72,75,96,105,61,61,59
74,78,101,132,65,64,63
71,87,100,117,64,66,69
84,75,98,106,61,62,71
70,75,96,99,59,58,64
69,73,92,88,62,63,67
67,78,96,106,67,68,69
72,74,93,96,62,59,61
72,82,92,88,63,63,66
76,76,102,87,56,62,62
76,79,96,111,61,62,91
67,86,96,102,65,62,66
69,81,88,95,61,61,61
63,73,88,92,65,65,66
74,72,96,134,67,62,69
74,91,108,121,71,65,75
80,86,97,104,61,60,73
84,86,98,96,64,62,67
79,83,104,95,68,64,69
77,82,92,102,60,61,62
78,94,115,86,62,62,70
79,96,108,81,68,61,68
79,84,98,85,63,66,64
75,91,107,84,67,62,72
82,94,115,77,69,68,70
79,90,105,81,74,65,72
88,96,112,78,73,66,75
90,91,110,80,66,64,72
88,93,115,83,72,67,73
87,98,118,72,70,63,78
117,95,117,77,185,68,70
87,90,109,76,66,65,67
97,89,102,79,63,73,69
82,92,102,75,64,62,70
79,88,108,72,65,65,70
81,89,105,73,69,67,70
85,93,110,72,64,68,71
83,90,106,73,63,67,72
83,83,97,85,60,59,72
72,79,91,87,64,70,74
80,88,131,83,66,63,68
85,97,118,81,62,68,66
85,84,112,73,62,69,63
82,87,109,168,66,59,70
82,82,98,144,65,59,69
75,80,98,128,81,59,63
72,85,105,120,72,67,66
77,75,98,107,70,67,70
78,77,93,102,67,63,66
78,83,99,98,62,67,67
76,88,100,91,57,63,72
80,83,99,86,60,67,75
83,87,105,83,65,65,68
76,76,97,84,72,62,72
79,80,105,97,67,61,68
73,80,91,94,66,64,62
75,85,98,85,67,63,68
67,80,97,90,69,66,69
79,82,98,86,66,67,72
73,85,100,92,66,67,70
78,82,96,100,73,61,64
70,81,100,89,74,66,72
81,92,109,89,73,70,78
82,85,108,85,68,62,68
77,86,102,82,67,66,72
84,90,112,75,70,67,73
83,87,111,79,63,63,70
70,84,107,80,64,63,74
76,85,106,79,66,66,70
81,79,100,107,53,62,65
77,84,104,95,66,66,69
78,82,100,92,63,63,72
76,86,102,84,63,63,119
76,81,100,89,69,62,71
76,79,98,83,62,63,68
86,94,120,80,64,62,67
85,98,116,84,63,62,67
80,86,107,85,59,58,64
81,87,111,75,63,65,73
84,93,112,81,37,66,168
79,82,97,99,67,62,65
75,83,100,92,65,63,68
73,83,101,101,65,62,73
81,76,101,95,62,62,67
76,128,99,90,58,59,62
68,72,91,88,61,64,68
74,80,96,83,65,65,67
164,79,90,84,64,66,67
81,79,102,112,65,60,67
71,76,90,103,64,62,69
78,90,101,92,67,66,72
79,90,104,84,69,66,75
80,88,112,87,73,67,72
86,93,112,76,64,64,73
83,83,90,82,62,63,66
78,88,100,81,65,62,65
90,77,102,89,62,62,67
77,104,116,91,65,69,79
81,89,110,89,67,65,73
77,84,96,92,65,64,72
79,84,98,158,63,61,70
78,83,104,135,66,66,69
76,83,95,118,63,61,66
73,77,90,109,59,62,65
72,80,101,104,67,65,68
74,81,96,93,62,63,63
76,109,129,88,67,65,71
87,101,119,84,65,60,70
77,93,109,87,65,66,71
81,94,112,78,65,66,73
84,87,114,81,66,63,67
79,89,120,75,64,72,73
78,89,111,75,69,66,70
77,88,107,82,67,62,67
74,83,100,75,66,64,66
72,83,101,81,64,60,60
74,97,110,75,66,63,70
72,92,104,73,66,70,70
73,88,108,76,61,66,66
75,86,105,166,69,70,70
76,91,108,81,67,65,67
79,90,115,81,65,67,71
82,86,114,74,61,63,67
77,76,104,80,64,63,75
74,105,109,81,69,65,72
85,91,112,80,67,61,67
83,95,120,69,66,68,70
86,98,121,69,66,65,68
76,91,122,68,70,68,69
87,103,126,70,66,70,73
86,98,120,73,66,65,70
80,88,112,65,71,66,72
76,82,102,75,69,64,69
77,84,100,71,62,64,67
80,78,116,76,62,68,63
79,79,108,71,65,62,70
70,81,110,70,67,67,72
87,95,113,71,66,64,73
87,88,104,81,64,59,72
85,84,103,79,63,64,72
83,86,100,84,64,65,71
85,87,106,81,64,64,72
77,82,104,89,69,60,69
84,86,102,99,67,60,64
76,81,98,92,65,67,66
73,77,103,85,68,63,69
78,81,98,84,69,69,70
81,84,98,91,71,62,67
84,83,97,88,70,65,67
74,79,94,85,72,66,66
78,78,101,84,70,63,67
77,75,83,85,69,63,70
89,98,111,87,68,62,69
80,92,114,105,73,70,68
79,89,96,98,69,66,72
78,92,111,199,69,69,78
80,88,112,85,71,65,75
83,86,109,87,65,61,68
73,82,104,85,66,65,69
78,83,102,80,63,59,64
75,80,96,97,66,67,66
80,86,100,91,67,63,72
80,90,100,140,69,65,68
76,83,102,161,65,64,65
83,85,98,138,62,64,69
78,115,105,120,62,64,66
76,85,104,105,67,69,81
77,84,101,121,65,62,69
76,83,102,106,65,62,70
78,85,104,130,65,62,69
79,83,97,115,61,60,67
77,82,99,107,63,61,65
76,80,102,101,65,64,69
76,78,97,104,67,61,66
80,84,102,96,65,65,70
78,85,110,97,63,62,72
80,113,103,100,61,62,62
69,78,105,104,61,62,71
74,79,102,117,69,74,70
80,79,101,113,63,64,65
74,79,96,132,64,65,69
80,83,98,115,63,64,63
69,76,102,107,67,63,63
80,78,97,98,60,59,64
73,76,98,96,62,67,63
72,81,100,87,64,64,66
77,86,101,86,67,63,66
70,82,92,85,62,59,67
72,74,95,102,68,63,69
165,81,107,105,63,64,70
76,148,101,101,63,64,67
77,83,104,89,64,65,71
75,82,104,83,64,62,67
76,80,101,80,27,61,68
77,86,104,84,62,63,65
79,88,110,81,72,71,72
80,90,110,81,69,66,74
84,94,111,86,70,66,75
86,90,109,80,73,69,75
84,91,115,79,69,68,72
87,90,106,77,64,66,66
85,86,108,79,66,68,70
79,83,101,87,62,58,63
78,74,105,81,61,65,72
80,86,104,81,66,66,73
79,94,115,69,66,65,73
78,84,104,77,64,65,72
81,81,106,77,61,63,70
78,83,98,71,63,62,72
81,82,97,89,62,66,66
69,77,94,116,59,57,64
65,72,81,107,63,63,61
63,66,85,99,65,68,66
78,74,83,93,65,68,100
81,88,103,85,66,65,73
78,82,101,80,63,62,68
181,79,93,81,58,62,62
75,79,90,74,58,63,64
65,79,96,69,61,63,62
70,82,94,89,64,61,66
63,78,93,85,67,65,68
70,76,81,90,67,64,67
67,74,81,88,68,67,80
75,83,89,96,68,60,64
68,75,93,94,67,62,65
68,85,95,88,68,66,71
77,82,109,85,67,68,67
79,78,91,106,0,68,73
82,90,113,101,77,71,72
84,91,113,87,68,64,69
79,83,104,93,61,64,68
80,107,112,79,66,66,74
88,89,112,81,66,64,62
80,85,101,85,68,63,68
78,95,112,77,73,66,70
79,89,115,81,69,66,70
80,89,106,73,73,68,74
89,90,115,131,67,64,70
84,86,102,121,65,60,67
79,81,96,108,62,58,62
82,82,104,98,64,72,70
81,86,101,95,64,70,71
88,90,107,91,68,73,74
86,85,105,87,67,66,69
79,85,98,76,75,64,69
82,88,102,83,63,61,66
79,80,90,82,62,60,74
85,74,88,101,68,63,73
80,80,96,108,68,60,65
71,78,91,101,65,62,65
74,83,95,93,68,67,73
71,88,113,85,68,68,72
82,88,110,85,70,66,76
203,97,119,77,65,64,75
79,86,109,79,62,60,72
87,82,102,79,62,95,67
67,83,101,77,64,63,70
74,79,107,79,63,64,68
109,80,98,80,59,64,74
74,78,85,93,63,58,70
74,73,84,91,60,58,72
67,70,85,104,61,59,69
80,89,96,93,62,70,72
78,91,106,89,66,149,72
81,85,102,85,64,56,74
76,83,98,81,60,68,67
74,81,104,81,64,63,67
79,80,100,81,66,64,69
76,87,102,85,66,61,79
90,96,107,85,63,64,69
81,88,100,88,63,66,68
81,86,100,92,65,64,68
79,84,98,86,66,66,72
79,86,100,83,66,65,70
79,83,99,79,64,63,71
75,77,98,109,64,65,64
83,82,104,106,63,65,72
76,86,102,93,64,66,72
79,78,94,89,63,64,66
76,76,87,86,66,66,68
74,75,92,83,68,64,66
79,82,96,77,62,61,64
35,77,114,75,65,61,66
83,83,114,85,72,69,74
86,80,115,83,68,72,76
87,88,110,85,66,70,72
82,88,106,113,63,63,70
80,83,99,102,60,63,70
74,82,93,94,64,63,61
77,83,91,104,62,66,67
78,83,90,99,66,61,58
76,83,97,85,69,63,66
78,85,101,85,64,72,72
77,80,106,89,69,72,74
84,90,105,87,67,67,67
77,81,104,81,67,62,67
78,83,104,80,61,62,66
74,86,106,73,70,65,69
80,92,110,103,66,66,74
79,88,102,95,69,68,75
86,97,111,85,69,67,72
87,93,106,81,65,57,70
76,90,110,79,70,68,68
82,81,100,84,67,56,66
71,79,93,86,66,62,64
77,79,92,90,71,62,65
75,84,102,90,67,60,65
72,83,97,88,68,64,65
71,79,94,90,69,59,72
75,83,93,94,67,55,66
74,80,89,87,72,67,67
72,84,98,96,67,62,68
73,84,98,92,68,67,70
77,82,97,95,66,63,72
78,86,106,87,69,66,72
72,89,109,83,71,65,72
38,86,114,79,70,66,75
81,94,108,125,67,68,77
82,88,107,83,74,68,75
88,91,218,84,72,63,67
81,86,104,79,67,64,68
80,81,91,72,55,62,64
71,77,88,74,62,63,59
76,84,98,77,68,65,71
80,81,92,82,66,63,68
73,80,94,141,69,65,64
65,79,92,126,69,64,66
75,67,86,114,67,67,69
196,79,89,105,61,58,62
67,77,92,99,57,68,81
67,82,97,134,67,63,71
74,80,99,111,65,66,67
70,76,94,104,67,60,68
71,74,91,95,65,64,66
74,78,102,92,58,67,64
70,76,97,87,66,61,71
0,81,106,93,64,64,70
76,84,102,149,57,62,68
74,79,100,132,61,58,65
69,86,98,115,69,63,68
77,85,112,101,71,62,67
78,82,104,97,69,62,64
71,79,105,91,68,66,70
75,84,104,87,63,64,66
76,82,99,81,60,63,64
69,81,100,77,62,61,65
75,83,104,80,63,68,69
77,80,97,85,64,59,69
71,81,101,105,69,60,67
70,83,94,101,69,62,65
73,87,114,93,65,64,72
77,84,112,86,68,63,71
78,80,99,89,60,62,67
69,78,96,88,66,62,67
104,87,109,81,70,68,73
77,89,104,106,74,71,78
79,87,116,99,70,64,67
78,189,109,92,62,63,69
73,80,104,89,66,66,68
73,75,90,88,58,63,62
68,94,117,84,66,65,65
92,86,98,88,73,68,73
85,86,96,97,71,59,69
84,82,98,97,69,65,67
74,82,94,97,65,66,67
75,81,102,109,72,67,73
86,86,102,100,70,65,72
78,80,104,98,68,67,68
81,83,102,96,63,60,66
75,79,98,86,67,62,64
72,79,99,90,62,61,63
73,80,97,78,70,62,76
83,86,101,85,67,72,73
82,90,111,81,72,64,70
100,95,115,78,69,64,74
81,90,110,80,68,74,77
87,53,110,83,63,65,74
85,87,108,69,64,64,73
90,102,119,77,69,67,78
83,90,103,80,62,59,70
75,88,100,89,63,56,68
73,82,106,77,67,64,69
75,88,102,77,63,62,68
79,86,98,114,65,64,64
73,84,93,112,68,64,72
75,83,99,101,64,64,158
76,79,97,177,67,67,69
78,81,104,153,68,66,69
80,84,104,131,69,56,71
78,84,120,117,67,63,70
78,83,109,107,59,63,71
76,84,102,95,61,62,67
71,80,99,97,62,62,71
75,83,103,93,64,64,70
73,81,100,88,64,62,69
74,76,100,145,63,59,64
77,77,97,124,63,61,65
78,77,93,112,61,61,58
67,78,97,103,64,62,68
70,84,98,97,65,66,64
77,72,101,89,60,66,68
78,77,101,112,66,63,69
82,86,102,103,62,62,67
78,125,104,96,62,64,67
77,88,104,89,67,65,65
74,78,108,88,66,62,67
74,75,104,89,65,64,65
76,79,103,105,62,63,65
75,82,104,89,63,61,68
74,82,106,81,63,65,68
73,78,100,81,61,61,64
70,112,133,84,67,72,81
91,100,117,97,70,68,70
85,88,107,93,67,65,65
67,83,102,86,115,70,69
80,85,102,84,64,61,63
68,89,98,140,62,65,63
73,80,90,124,59,58,61
66,73,92,107,63,68,66
71,78,96,96,50,60,63
67,72,101,94,64,64,65
72,81,101,93,64,64,66
71,80,95,86,62,63,70
78,80,96,80,62,59,62
72,81,100,81,67,60,62
75,77,105,111,66,67,63
76,76,90,102,66,62,66
77,84,99,98,62,59,61
73,82,96,88,58,60,67
72,79,99,81,70,66,69
82,90,106,77,68,69,76
85,85,107,85,70,67,71
95,96,113,81,70,69,75
83,94,113,73,73,66,76
80,89,115,80,75,67,72
82,91,106,82,75,70,74
87,92,111,85,67,66,70
80,84,101,81,67,64,70
82,86,103,76,64,63,70
101,96,105,81,67,65,68
89,89,104,81,63,64,70
79,82,97,115,63,63,63
78,80,101,107,65,60,69
83,88,102,97,57,64,75
80,84,106,89,73,67,75
86,86,108,85,67,66,72
75,86,100,81,64,65,72
81,83,102,80,64,64,70
77,83,100,80,61,62,67
64,76,98,82,59,64,65
73,75,91,107,66,64,64
75,84,98,98,68,59,77
73,80,96,94,68,65,64
72,82,105,93,66,63,70
70,84,102,89,68,63,67
74,80,97,132,68,64,72
80,89,106,91,70,63,70
78,91,108,104,73,60,74
79,92,107,97,68,64,75
83,91,106,84,63,63,70
77,87,99,86,64,64,68
84,83,108,77,66,67,74
105,91,114,75,64,63,75
83,88,102,77,63,58,69
84,85,101,85,65,63,71
81,86,96,102,65,66,68
81,84,94,102,71,61,63
77,80,140,93,68,63,70
69,82,103,92,72,63,70
74,92,98,93,72,65,66
77,81,100,193,73,70,66
80,83,95,164,72,62,66
76,85,111,143,67,66,67
75,87,106,117,63,61,70
65,80,101,114,63,61,64
67,80,96,220,63,60,65
79,81,95,94,62,63,68
72,75,94,94,62,64,79
79,82,104,160,69,62,72
80,82,103,153,67,67,69
78,82,98,120,62,62,66
79,82,96,109,63,64,70
75,83,102,105,63,61,63
73,82,106,91,65,66,64
74,86,107,85,64,67,69
80,76,100,161,65,68,72
94,116,137,163,69,66,75
84,103,119,137,65,58,70
84,98,115,127,69,70,70
83,98,107,110,63,63,70
137,89,110,105,67,66,69
83,84,109,93,65,66,70
194,85,108,86,66,63,73
79,88,98,83,64,61,67
77,89,99,81,61,63,70
81,90,108,81,61,61,77
77,94,111,79,61,63,73
74,85,102,93,67,62,69
73,78,96,105,65,62,70
71,82,94,97,63,64,66
74,78,97,89,62,58,63
77,75,91,87,60,62,64
73,72,90,100,68,61,62
66,76,97,92,71,65,67
73,85,114,107,66,59,67
80,88,110,91,62,63,65
78,86,106,87,69,64,63
79,82,101,90,66,60,42
77,86,103,81,61,63,69
77,83,102,79,69,63,73
79,82,98,111,64,63,68
79,83,96,103,69,62,66
80,80,108,95,63,65,68
74,83,217,93,64,62,63
72,73,88,92,57,60,62
74,79,94,90,66,65,72
73,89,108,85,66,66,69
76,90,110,80,71,68,72
82,93,106,75,67,72,70
85,94,110,80,66,72,72
85,87,101,85,68,68,74
94,96,120,82,69,72,69
88,94,120,77,66,64,70
83,88,113,71,63,63,70
80,86,107,67,66,65,70
81,87,102,76,60,67,72
97,103,124,86,63,56,69
87,96,106,159,68,64,61
79,87,101,138,65,66,71
76,83,104,127,64,64,64
72,77,96,110,63,62,61
67,74,98,99,63,58,74
70,73,89,123,63,75,68
67,72,103,109,63,64,65
70,79,96,99,59,60,68
58,78,105,91,63,63,70
85,81,99,94,62,60,66
70,78,94,85,62,67,72
78,81,109,84,66,67,72
82,79,96,88,68,66,74
81,80,100,125,70,57,74
83,86,102,113,79,66,69
76,87,103,100,65,62,69
71,81,100,91,61,62,67
66,80,97,84,66,65,72
77,81,90,89,58,62,64
70,81,99,79,66,62,71
83,85,104,83,65,65,70
75,78,98,92,68,63,66
77,84,102,89,66,63,73
77,86,101,84,63,62,66
71,84,103,90,72,68,69
75,88,226,83,72,67,69
77,81,93,98,70,66,68
80,83,100,139,67,68,68
72,81,93,127,65,63,65
69,75,96,110,63,65,69
76,76,96,103,65,62,67
72,80,98,92,66,65,70
71,78,92,93,66,63,69
68,72,94,82,63,64,65
78,83,115,83,63,63,68
77,80,107,111,60,63,58
77,78,96,104,64,69,64
94,113,132,160,65,61,63
89,104,115,155,62,63,72
80,96,110,133,63,66,72
90,89,111,114,65,61,67
76,83,106,105,61,67,64
74,81,98,99,161,61,65
75,75,93,94,59,61,64
75,83,100,85,62,61,63
76,83,100,92,64,65,65
71,73,89,86,62,61,63
70,78,90,85,62,62,67
74,70,93,107,63,60,81
66,75,90,98,67,63,72
75,79,96,153,57,62,66
76,81,98,130,65,64,69
72,75,90,114,63,64,65
70,77,107,103,64,61,69
77,82,100,96,70,64,67
79,85,104,88,67,68,67
78,85,102,86,66,62,69
74,78,104,84,68,66,67
75,81,104,81,64,64,70
72,81,96,83,60,63,67
76,79,93,81,61,62,72
73,79,99,78,65,64,66
89,91,105,79,70,64,76
80,92,106,79,72,66,69
79,92,114,75,70,63,76
84,91,114,76,72,70,75
82,88,112,83,70,64,67
78,82,105,81,65,63,65
76,80,101,98,63,60,63
73,75,99,94,65,64,64
70,72,84,91,67,67,69
78,78,91,88,68,60,70
80,79,93,89,69,59,61
68,80,96,92,67,66,69
77,198,97,89,67,67,70
81,82,95,104,72,63,70
86,91,106,83,71,67,67
81,94,107,86,68,66,71
82,93,222,79,67,65,74
81,94,107,77,70,70,74
81,89,110,83,67,63,68
77,88,104,80,67,66,67
76,90,120,79,64,67,70
94,89,108,77,94,66,73
79,88,111,164,70,64,70
74,86,112,75,70,66,72
83,83,97,78,61,60,69
79,82,100,79,61,66,68
80,78,99,77,62,62,68
79,8,109,73,63,63,67
79,85,98,105,66,62,67
77,81,94,99,67,62,67
72,80,96,95,70,62,66
77,84,99,92,70,56,68
76,79,98,90,67,63,68
71,79,90,89,66,70,72
79,89,98,86,67,65,72
77,77,98,129,70,64,71
67,84,106,110,69,66,72
76,90,104,109,68,67,68
81,81,98,96,65,60,64
77,90,117,91,61,63,70
74,88,99,86,59,62,67
77,89,104,81,64,63,68
75,87,101,121,69,67,71
79,82,102,162,65,63,66
76,78,90,137,59,56,63
66,76,98,115,63,103,69
74,78,94,109,64,64,63
75,81,96,97,63,60,65
76,79,102,93,65,63,68
75,80,113,85,64,61,66
79,94,106,81,61,63,65
78,86,105,79,59,68,68
80,86,100,80,59,64,67
81,84,96,114,67,65,69
79,88,104,169,72,62,66
77,88,101,144,73,59,74
78,82,100,127,66,62,68
76,83,104,144,63,60,67
66,81,107,127,67,66,70
78,78,94,111,61,60,76
89,105,135,96,67,64,67
90,96,113,93,62,62,66
76,37,111,92,63,63,69
84,80,105,93,65,60,66
76,113,137,85,62,67,80
77,98,115,88,60,62,68
75,96,112,81,63,70,69
82,92,107,81,68,67,68
84,91,106,83,68,62,75
85,88,110,87,74,65,69
80,90,106,97,73,64,67
76,87,104,91,73,62,69
74,77,96,132,69,66,67
83,88,103,115,73,68,69
81,88,106,102,65,61,67
81,85,101,95,59,64,56
71,77,98,85,67,66,65
71,79,97,88,64,67,77
105,94,111,81,66,66,74
95,83,97,86,62,62,69
91,79,98,80,63,63,72
88,83,81,154,71,60,79
85,100,125,137,71,71,74
84,95,108,122,59,68,67
79,90,103,109,61,62,70
72,79,95,104,63,62,68
77,79,98,98,59,67,65
71,75,98,93,60,63,65
66,79,96,86,63,63,73
74,78,100,83,70,65,69
80,82,104,91,65,65,72
79,81,104,92,64,62,70
73,84,100,92,62,63,68
73,82,100,89,64,64,71
74,82,109,84,65,65,70
73,76,96,96,63,64,66
75,87,102,84,68,67,64
82,88,107,85,72,69,79
82,91,110,84,71,67,72
86,95,110,75,67,59,72
87,0,115,77,63,72,67
84,102,131,95,63,67,88
89,96,117,142,65,63,76
86,91,114,118,65,66,73
82,85,104,109,62,59,182
75,81,101,103,62,64,66
77,82,99,94,66,61,69
75,80,107,107,71,63,66
74,82,106,96,66,62,67
74,78,93,96,64,60,65
73,79,97,87,64,67,66
75,86,106,81,182,65,71
82,88,104,88,67,66,65
77,84,101,97,71,62,69
76,87,107,89,69,64,70
78,83,102,87,62,60,67
73,76,90,100,64,57,66
76,82,98,93,66,66,67
76,77,93,92,59,58,67
80,80,99,82,63,65,69
77,84,100,124,69,66,69
85,88,109,112,65,62,69
75,86,103,103,65,65,63
80,90,105,90,68,68,147
74,79,103,106,65,65,72
85,88,109,91,65,66,71
81,86,110,89,64,61,67
84,88,107,113,74,66,70
80,83,96,107,69,63,66
77,79,101,99,60,56,62
80,80,100,109,66,66,66
77,81,99,99,60,70,73
83,88,106,105,65,63,72
71,79,103,105,63,59,66
76,81,110,96,62,64,63
79,85,110,92,62,65,74
81,84,106,87,61,64,67
74,77,104,115,61,59,67
74,80,149,110,65,65,66
76,81,99,91,64,62,65
75,83,91,86,65,62,66
70,78,100,82,62,65,69
78,72,91,96,59,59,60
67,69,80,94,56,62,63
66,77,84,88,62,64,70
74,80,91,82,72,63,69
81,88,107,77,68,57,72
82,98,128,74,62,62,77
77,92,121,77,66,63,73
90,94,118,83,67,72,77
88,90,112,79,68,67,75
90,91,115,96,67,64,68
80,83,104,89,68,64,66
77,87,109,86,64,61,66
73,85,100,81,66,63,68
70,82,152,83,63,64,69
78,87,114,79,67,67,70
80,84,128,81,61,62,66
78,92,117,74,66,62,70
80,92,111,76,67,62,69
77,96,117,77,65,66,74
78,85,108,81,68,66,72
82,90,113,82,71,64,62
79,92,111,87,64,62,68
110,133,161,85,65,73,85
98,114,137,103,67,66,79
95,102,119,163,65,162,73
88,98,114,137,67,67,68
84,88,178,120,61,58,64
73,81,103,106,65,62,69
82,82,96,101,56,62,75
79,83,95,94,59,59,68
71,78,97,86,62,59,63
69,74,91,104,61,59,61
75,75,94,81,64,63,66
75,74,86,85,63,62,63
73,76,91,109,68,67,67
78,82,91,102,67,60,67
79,87,102,91,64,64,69
79,83,100,89,62,62,72
75,76,97,89,57,63,67
74,82,99,160,69,68,72
77,84,99,175,69,67,67
89,89,112,149,68,70,70
82,85,108,129,66,61,74
81,81,97,113,63,59,66
69,80,101,104,67,65,69
78,85,105,95,68,65,70
76,76,92,92,66,56,67
75,78,99,84,64,61,67
77,85,97,82,64,63,66
68,79,96,80,63,62,70
74,84,97,105,63,62,71
79,81,99,93,62,64,68
74,80,96,88,64,65,70
70,75,96,86,62,65,67
76,81,100,87,62,59,63
78,91,104,83,67,66,72
74,86,105,85,72,68,76
89,96,111,80,70,64,79
89,90,108,83,69,64,72
87,93,112,77,68,65,76
85,88,110,79,65,65,70
81,85,104,81,61,64,68
81,82,99,110,61,55,68
115,71,86,153,63,67,65
77,76,91,135,69,63,66
75,85,98,119,69,66,71
73,79,94,108,59,61,72
75,82,97,98,65,66,74
79,83,102,95,72,63,66
78,94,104,87,59,64,65
76,88,121,79,63,69,68
81,87,106,95,70,66,69
78,88,111,93,64,65,72
82,90,107,89,68,67,68
76,89,101,87,63,62,65
75,88,100,80,67,62,153
73,80,96,83,62,63,65
72,77,102,76,64,62,64
73,76,95,92,65,63,72
79,83,100,89,70,67,68
78,81,104,85,63,61,68
117,79,96,82,60,70,69
78,79,102,91,62,62,69
79,73,86,102,63,62,60
67,72,91,92,68,61,64
72,81,108,91,68,66,70
78,81,98,90,68,68,70
80,86,105,82,72,70,65
79,93,106,85,72,74,75
78,93,108,76,68,66,72
90,112,137,81,62,66,72
88,103,123,79,66,61,68
84,88,107,81,59,9,66
76,88,101,133,65,64,72
81,88,98,114,69,68,70
71,86,100,102,69,62,61
73,80,89,105,63,68,56
62,68,85,96,63,65,65
76,78,94,86,62,64,61
75,78,93,96,61,64,64
71,76,98,88,64,64,68
74,80,104,90,67,64,73
82,88,105,83,70,63,74
78,88,111,86,71,61,70
81,91,115,81,67,67,73
75,91,116,77,72,69,76
84,94,116,77,68,65,73
86,88,115,78,64,66,67
83,88,104,122,68,76,70
77,84,101,134,69,66,69
79,88,100,117,61,64,68
72,82,102,108,65,62,65
71,82,102,153,67,64,69
77,81,95,130,67,59,71
75,78,96,118,63,61,66
74,80,98,104,61,65,64
76,79,108,91,62,62,70
73,76,86,91,61,59,60
74,181,116,84,64,43,74
81,82,110,85,66,59,63
73,74,105,83,67,68,70
78,79,94,85,59,64,67
78,82,104,81,63,66,75
93,83,104,103,69,62,70
79,83,107,101,68,64,72
84,84,104,88,62,63,69
77,110,132,92,66,63,67
91,101,116,93,61,58,64
83,92,104,93,60,63,69
79,93,109,83,64,66,71
80,91,103,79,69,69,77
80,88,105,87,74,68,77
87,97,106,82,74,68,74
87,99,123,71,67,65,70
78,93,115,75,62,66,71
78,88,106,75,62,67,70
78,93,106,73,64,67,72
92,96,120,157,58,63,67
85,90,111,130,64,66,66
81,85,104,121,65,66,67
75,80,96,106,66,66,70
81,82,112,97,67,68,68
87,88,102,95,62,62,66
76,83,104,105,67,61,67
86,80,99,92,64,62,67
79,76,95,106,65,61,65
77,82,100,97,65,69,68
77,77,97,92,63,63,66
68,76,96,89,68,67,67
75,93,121,87,67,65,62
67,88,120,83,65,65,67
74,90,112,76,66,68,73
83,88,115,84,67,74,73
87,88,108,107,67,63,68
79,81,108,97,68,62,66
79,82,104,91,67,62,63
77,77,99,103,85,64,69
79,82,102,152,83,66,64
72,75,87,132,65,62,57
73,78,94,115,69,63,56
74,78,90,106,69,62,70
79,93,102,97,66,59,72
80,85,99,91,59,67,67
73,84,104,78,62,63,66
77,84,100,86,61,65,66
72,78,95,84,63,61,61
70,84,97,83,68,62,68
78,78,99,84,64,60,66
76,82,99,82,64,78,72
81,85,113,77,72,66,68
88,89,113,117,70,62,72
86,89,103,112,71,74,68
80,89,105,101,70,136,71
91,111,132,95,63,70,70
86,94,121,85,62,62,70
85,94,112,81,63,63,74
83,92,101,108,63,64,67
81,84,102,95,172,67,71
84,82,108,93,69,63,68
81,84,104,91,70,62,66
76,85,104,83,62,67,80
75,81,96,87,67,59,62
70,80,102,85,67,65,68
83,83,99,99,64,64,66
78,83,99,96,65,60,67
77,75,90,91,63,64,66
76,78,94,93,68,63,70
77,80,95,110,69,59,69
75,84,102,101,71,65,69
76,85,103,93,66,66,69
74,82,99,101,64,58,62
72,78,108,91,68,67,175
75,82,104,91,64,62,64
81,91,117,89,63,58,76
80,85,104,83,65,66,70
80,82,108,84,64,60,65
78,79,101,85,61,62,62
72,88,113,132,63,64,67
72,85,104,117,67,66,70
76,88,111,101,67,65,191
79,81,96,98,61,64,64
74,83,103,90,61,68,64
71,79,100,77,66,62,69
77,82,100,75,66,62,65
78,80,105,77,61,68,65
74,82,104,88,61,64,67
77,83,108,81,61,69,66
79,79,98,77,62,62,70
73,80,100,101,65,62,67
75,81,96,89,60,61,68
76,82,88,120,61,61,175
74,72,82,106,57,61,66
77,74,81,94,63,56,65
73,78,91,90,66,64,62
64,68,86,80,67,64,63
72,72,90,107,63,61,72
70,76,91,93,59,62,64
68,77,98,91,66,59,75
76,88,111,81,66,66,72
72,86,103,84,66,64,80
83,94,110,84,71,62,74
82,84,110,83,63,64,72
73,82,100,80,63,64,66
76,82,106,117,63,62,64
79,88,108,85,66,160,72
76,77,97,113,67,66,69
78,84,103,121,65,66,67
83,80,96,108,64,61,68
73,77,88,99,62,64,70
79,80,97,105,65,61,67
77,81,97,102,65,64,70
76,89,104,93,65,64,68
74,86,101,84,65,64,70
78,84,100,101,62,67,68
76,82,113,92,69,66,67
83,87,107,88,65,68,67
76,78,95,88,60,60,66
70,72,86,88,58,63,66
77,80,94,79,65,65,70
80,83,97,83,65,61,64
78,82,107,77,75,69,70
81,92,112,87,66,65,96
84,96,116,81,67,68,65
83,88,109,81,64,66,67
80,84,110,80,61,62,66
74,170,104,83,62,58,64
68,75,88,86,64,66,67
79,88,107,85,68,62,70
0,121,140,84,66,80,80
97,104,125,106,71,70,78
89,99,122,116,65,81,80
94,106,132,101,65,63,68
88,99,122,93,64,54,70
86,90,108,92,69,64,65
79,81,96,91,63,61,68
79,82,100,104,67,67,66
85,94,124,95,65,69,73
89,88,110,97,63,66,67
83,82,106,89,65,63,66
77,80,103,111,63,65,66
73,79,98,104,61,66,75
74,81,96,95,63,63,71
74,83,102,95,70,67,72
81,84,104,82,69,63,72
77,79,96,83,63,72,67
72,78,104,78,64,64,69
80,85,100,77,66,62,70
74,82,102,101,65,62,60
74,78,102,111,63,66,69
74,79,104,129,68,63,68
76,76,92,113,66,61,67
72,76,102,107,65,64,67
71,81,105,97,67,65,74
80,88,106,86,62,64,62
78,87,102,85,63,63,74
79,84,104,79,65,63,70
80,86,101,80,63,62,69
81,89,107,83,67,62,69
81,90,107,75,71,70,67
73,82,114,83,72,67,75
80,86,109,97,72,64,68
75,88,105,84,71,68,72
82,95,110,77,67,64,74
82,90,107,77,69,65,67
80,88,103,77,68,64,68
83,86,104,76,64,66,71
78,82,108,121,65,64,75
76,89,101,110,69,63,69
81,84,102,61,66,178,71
94,112,137,90,64,56,67
81,101,225,93,60,61,90
88,96,110,86,62,66,66
67,91,102,97,61,61,63
74,77,97,127,65,59,63
73,81,98,112,65,58,59
69,75,89,102,61,59,62
78,81,120,168,67,100,66
78,81,105,141,85,62,67
69,84,105,127,63,67,65
71,82,101,113,127,63,63
69,79,98,114,65,63,68
84,88,103,99,64,65,79
76,79,90,93,63,60,71
70,72,97,105,61,61,59
64,72,96,97,65,66,66
71,73,90,94,60,59,62
68,65,88,99,62,63,62
69,81,105,105,67,68,69
79,82,102,101,65,64,64
76,89,98,86,62,64,70
71,77,93,82,60,60,126
71,72,96,100,61,64,59
71,71,94,104,35,60,63
74,70,95,94,63,60,63
75,82,104,89,64,63,68
67,74,90,93,64,63,64
75,77,93,102,67,64,64
75,81,97,95,66,57,66
71,75,92,91,62,57,58
65,75,89,88,61,65,68
68,67,81,136,66,63,64
77,81,94,89,65,66,69
76,84,102,87,70,57,73
100,87,111,85,179,73,72
80,91,108,80,66,65,78
81,87,102,115,67,63,71
75,84,96,105,67,62,70
76,85,99,98,62,67,69
74,83,104,83,63,67,67
74,78,98,90,66,62,69
76,79,94,94,61,66,68
74,75,91,99,64,62,63
75,74,89,109,63,58,62
66,80,97,101,63,64,72
78,71,102,97,57,63,66
68,79,97,88,68,59,124
84,83,107,99,63,67,68
73,81,102,97,63,66,68
74,75,98,83,59,63,72
